******************************
Iteration: 0
Training samples: 250
Training Index: [34, 52, 9, 64, 24, 49, 43, 44, 36, 28, 56, 2, 68, 30, 45, 75, 70, 50, 71, 41, 33, 60, 31, 83, 63, 10, 54, 78, 6, 81, 39, 47, 7, 26, 53, 23, 0, 8, 3, 82, 77, 14, 18, 4, 73, 17, 35, 69, 67, 16, 21, 42, 66, 37, 12, 32, 40, 76, 62, 80, 57, 38, 59, 65, 5, 25, 72, 46, 74, 1]
Validation samples: 30
Validation Index: [58, 22, 29, 48, 55, 84, 19, 11]
Test samples: 27
Test Index: [51, 20, 27, 13, 61, 79, 15]
Validation ground truth: [0 0 0 1 1 1 1 1 1 1 1 0 0 0 0 0 0 0 0 0 0 0 0 1 1 1 1 1 1 1]
Validation result: [0 0 0 1 1 1 1 1 1 1 1 0 0 0 0 0 0 0 0 0 0 0 0 1 1 1 1 1 1 1]
Validation accurate: 1.0
Test ground truth: [0 0 0 0 1 1 1 1 1 1 1 1 1 0 0 0 0 0 0 0 0 0 0 1 1 1 1]
Test result: [0 0 0 0 1 1 1 1 1 0 0 0 0 0 0 0 0 0 0 0 0 0 0 1 1 1 1]
Test accurate: 0.85185188055
******************************
Iteration: 1
Training samples: 253
Training Index: [7, 0, 46, 19, 54, 58, 24, 33, 61, 12, 83, 64, 6, 38, 49, 45, 59, 16, 9, 60, 52, 25, 8, 56, 40, 82, 4, 13, 43, 28, 18, 41, 51, 69, 44, 35, 31, 39, 17, 5, 78, 34, 36, 53, 29, 27, 76, 1, 74, 10, 23, 30, 50, 68, 57, 73, 11, 47, 14, 71, 48, 70, 75, 22, 67, 15, 42, 65, 63, 62]
Validation samples: 36
Validation Index: [21, 3, 84, 2, 55, 26, 37, 79]
Test samples: 18
Test Index: [66, 32, 80, 20, 72, 77, 81]
Validation ground truth: [1 1 1 1 1 1 1 1 1 1 0 1 1 1 1 1 1 1 1 1 0 0 0 0 1 1 1 1 0 0 0 0 0 0 0 0]
Validation result: [1 1 1 1 1 1 1 1 1 1 0 1 1 1 1 1 1 1 1 1 0 0 0 0 1 1 1 1 0 0 0 0 0 0 0 0]
Validation accurate: 1.0
Test ground truth: [0 0 0 0 0 1 1 0 0 0 0 0 1 1 1 0 0 0]
Test result: [0 0 0 0 0 1 1 0 0 0 0 0 1 1 1 0 0 0]
Test accurate: 1.0
******************************
Iteration: 2
Training samples: 236
Training Index: [14, 73, 11, 76, 49, 4, 38, 61, 17, 64, 70, 83, 44, 20, 60, 25, 66, 29, 26, 63, 84, 1, 40, 57, 75, 8, 32, 28, 62, 45, 78, 74, 54, 18, 3, 5, 9, 41, 30, 0, 22, 50, 13, 48, 51, 36, 58, 52, 37, 82, 10, 59, 19, 6, 39, 34, 72, 43, 33, 35, 77, 7, 65, 15, 81, 27, 42, 67, 69, 21]
Validation samples: 42
Validation Index: [71, 46, 31, 55, 47, 80, 2, 68]
Test samples: 29
Test Index: [53, 12, 24, 56, 16, 79, 23]
Validation ground truth: [0 0 0 0 0 0 0 0 0 0 0 0 0 1 0 0 0 0 0 0 0 0 0 0 0 0 0 0 0 0 1 1 1 1 1 1 1
 1 1 0 0 0]
Validation result: [0 0 0 0 0 0 0 0 0 0 0 0 0 1 0 0 0 0 0 0 0 0 0 0 0 0 0 0 0 0 1 1 1 1 1 1 1
 1 1 0 0 0]
Validation accurate: 1.0
Test ground truth: [0 0 0 0 1 1 1 1 1 1 1 1 0 0 0 0 1 1 1 1 0 0 0 0 0 1 1 1 1]
Test result: [0 0 0 0 1 1 1 0 1 0 0 0 0 0 0 0 1 1 1 1 0 0 0 0 0 1 1 1 1]
Test accurate: 0.86206895113
******************************
Iteration: 3
Training samples: 242
Training Index: [42, 29, 75, 66, 43, 27, 67, 24, 79, 8, 39, 81, 46, 60, 30, 9, 35, 62, 13, 72, 1, 21, 63, 0, 73, 83, 59, 57, 10, 84, 12, 54, 34, 68, 82, 18, 47, 49, 6, 22, 33, 77, 32, 71, 2, 28, 50, 52, 69, 38, 5, 58, 40, 74, 76, 55, 51, 64, 23, 14, 20, 25, 48, 19, 17, 78, 7, 61, 16, 70]
Validation samples: 30
Validation Index: [4, 11, 31, 44, 36, 80, 37, 3]
Test samples: 35
Test Index: [56, 65, 41, 26, 45, 15, 53]
Validation ground truth: [1 1 1 1 1 1 1 1 1 1 1 1 1 0 0 0 0 0 0 0 0 0 0 0 1 1 1 1 1 1]
Validation result: [1 1 1 1 1 1 1 1 1 1 1 1 1 0 0 0 0 0 0 0 0 0 0 0 1 1 1 1 1 1]
Validation accurate: 1.0
Test ground truth: [0 0 0 0 0 0 0 0 0 0 0 0 0 0 1 1 1 1 0 0 0 0 0 0 0 0 0 1 1 1 1 0 0 0 0]
Test result: [0 0 0 0 0 0 0 0 0 0 0 0 0 0 1 1 1 1 0 0 0 0 0 0 0 0 0 1 1 1 1 0 0 0 0]
Test accurate: 1.0
******************************
Iteration: 4
Training samples: 265
Training Index: [42, 5, 22, 16, 79, 18, 41, 29, 84, 14, 27, 24, 48, 72, 54, 37, 45, 55, 57, 80, 63, 2, 9, 49, 35, 43, 21, 70, 59, 25, 1, 65, 26, 75, 71, 20, 39, 50, 19, 7, 81, 15, 47, 83, 6, 11, 30, 12, 74, 60, 0, 36, 8, 28, 4, 58, 61, 82, 34, 69, 40, 51, 10, 13, 68, 52, 38, 17, 3, 46]
Validation samples: 25
Validation Index: [56, 66, 53, 44, 33, 23, 78, 64]
Test samples: 17
Test Index: [67, 76, 31, 77, 32, 62, 73]
Validation ground truth: [0 0 0 0 0 0 0 0 0 0 0 0 0 0 1 1 1 1 1 0 0 0 0 0 0]
Validation result: [0 0 0 0 0 0 0 0 0 0 0 0 0 0 1 1 1 1 1 0 0 0 0 0 0]
Validation accurate: 1.0
Test ground truth: [0 0 0 0 0 0 0 1 0 1 1 0 0 0 0 0 0]
Test result: [0 0 0 0 0 0 0 1 0 1 1 0 0 0 0 0 0]
Test accurate: 1.0
******************************
Iteration: 5
Training samples: 259
Training Index: [24, 30, 64, 44, 18, 7, 8, 73, 58, 36, 23, 74, 5, 52, 22, 75, 60, 43, 2, 77, 28, 37, 9, 46, 82, 84, 31, 66, 17, 59, 1, 27, 57, 61, 70, 65, 80, 14, 76, 35, 68, 3, 51, 62, 0, 19, 21, 83, 69, 67, 13, 12, 45, 16, 56, 20, 40, 38, 29, 39, 55, 4, 34, 53, 11, 33, 47, 79, 71, 49]
Validation samples: 29
Validation Index: [78, 32, 63, 41, 72, 6, 48, 54]
Test samples: 19
Test Index: [50, 81, 26, 15, 25, 42, 10]
Validation ground truth: [0 0 1 1 0 0 0 0 0 0 0 0 0 0 0 1 1 1 0 0 0 0 0 0 0 0 0 0 0]
Validation result: [0 0 1 1 0 0 0 0 0 0 0 0 0 0 0 1 1 1 0 0 0 0 0 0 0 0 0 0 0]
Validation accurate: 1.0
Test ground truth: [0 0 0 0 0 1 1 1 1 1 1 1 1 1 1 1 1 0 1]
Test result: [0 0 0 0 0 1 1 1 1 1 1 1 1 1 1 0 1 0 1]
Test accurate: 0.947368443012
******************************
Iteration: 6
Training samples: 256
Training Index: [49, 35, 79, 43, 19, 76, 31, 75, 42, 71, 2, 47, 17, 6, 78, 21, 0, 22, 34, 40, 45, 32, 50, 15, 59, 13, 7, 20, 77, 65, 44, 63, 33, 68, 29, 84, 70, 3, 61, 57, 62, 60, 4, 83, 16, 73, 54, 8, 67, 18, 1, 46, 80, 51, 41, 53, 37, 26, 36, 24, 38, 64, 25, 66, 52, 81, 10, 72, 56, 69]
Validation samples: 29
Validation Index: [82, 14, 48, 27, 9, 58, 12, 30]
Test samples: 22
Test Index: [5, 39, 23, 55, 11, 74, 28]
Validation ground truth: [0 0 0 0 1 1 1 1 0 0 0 0 0 0 0 1 1 1 0 0 0 1 1 1 1 1 1 1 1]
Validation result: [0 0 0 0 1 1 1 1 0 0 0 0 0 0 0 1 1 1 0 0 0 1 1 1 1 1 1 1 1]
Validation accurate: 1.0
Test ground truth: [1 0 0 0 0 0 1 1 1 1 0 0 0 0 1 1 1 1 1 1 0 1]
Test result: [1 0 0 0 0 0 1 1 1 1 0 0 0 0 1 1 1 1 1 1 0 1]
Test accurate: 1.0
******************************
Iteration: 7
Training samples: 258
Training Index: [67, 82, 75, 17, 44, 31, 23, 47, 79, 61, 68, 71, 13, 39, 19, 28, 32, 40, 21, 77, 9, 42, 6, 25, 35, 50, 51, 34, 73, 65, 8, 12, 41, 80, 55, 27, 30, 57, 78, 69, 66, 76, 3, 0, 18, 33, 7, 48, 20, 11, 14, 45, 38, 24, 4, 59, 81, 46, 29, 36, 15, 54, 53, 56, 64, 2, 62, 83, 37, 26]
Validation samples: 32
Validation Index: [16, 1, 70, 63, 22, 84, 10, 43]
Test samples: 17
Test Index: [5, 74, 49, 58, 52, 72, 60]
Validation ground truth: [1 1 1 1 1 1 1 1 1 1 1 1 0 0 0 0 0 0 0 0 0 1 1 1 1 0 1 0 0 0 0 0]
Validation result: [1 1 1 1 1 1 1 1 1 1 1 1 0 0 0 0 0 0 0 0 0 1 1 1 1 0 1 0 0 0 0 0]
Validation accurate: 1.0
Test ground truth: [1 0 0 0 0 0 0 0 0 0 0 0 0 0 0 0 0]
Test result: [1 0 0 0 0 0 0 0 0 0 0 0 0 0 0 0 0]
Test accurate: 1.0
******************************
Iteration: 8
Training samples: 255
Training Index: [39, 42, 57, 5, 80, 7, 76, 63, 28, 53, 12, 17, 66, 13, 24, 16, 62, 61, 15, 0, 35, 54, 55, 83, 4, 37, 25, 23, 48, 59, 29, 2, 67, 73, 60, 10, 70, 14, 46, 33, 74, 32, 72, 58, 22, 50, 8, 56, 3, 64, 79, 41, 20, 31, 9, 40, 19, 69, 82, 78, 65, 77, 51, 34, 47, 21, 81, 84, 26, 11]
Validation samples: 35
Validation Index: [45, 38, 44, 52, 1, 68, 43, 30]
Test samples: 17
Test Index: [71, 18, 36, 27, 49, 6, 75]
Validation ground truth: [0 0 0 0 0 0 0 0 0 0 0 0 0 0 0 0 1 1 1 1 1 1 1 1 0 0 0 0 0 0 0 0 1 1 1]
Validation result: [0 0 0 0 0 0 0 0 0 0 0 0 0 0 0 0 1 1 1 1 1 1 1 1 0 0 0 0 0 0 0 0 1 1 1]
Validation accurate: 1.0
Test ground truth: [0 0 0 0 1 0 0 1 1 0 0 0 1 1 1 0 0]
Test result: [0 0 0 0 1 0 0 1 1 0 0 0 1 1 1 0 0]
Test accurate: 1.0
******************************
Iteration: 9
Training samples: 252
Training Index: [74, 72, 25, 55, 58, 68, 9, 21, 66, 84, 2, 41, 76, 36, 6, 5, 19, 45, 29, 53, 62, 52, 20, 43, 73, 56, 26, 47, 15, 63, 57, 17, 13, 3, 39, 38, 69, 67, 27, 33, 48, 24, 23, 60, 32, 49, 22, 16, 42, 0, 44, 10, 34, 35, 78, 61, 40, 11, 71, 7, 8, 65, 30, 82, 4, 18, 51, 80, 12, 37]
Validation samples: 32
Validation Index: [1, 81, 70, 59, 77, 14, 54, 79]
Test samples: 23
Test Index: [46, 64, 75, 50, 28, 31, 83]
Validation ground truth: [1 1 1 1 1 1 1 1 0 0 0 0 0 0 0 0 0 0 0 1 1 1 1 0 0 0 0 0 0 0 0 0]
Validation result: [1 1 1 1 1 1 1 1 0 0 0 0 0 0 0 0 0 0 0 1 1 1 1 0 0 0 0 0 0 0 0 0]
Validation accurate: 1.0
Test ground truth: [0 0 0 0 0 0 0 0 0 0 0 0 0 0 0 0 0 0 0 1 1 0 0]
Test result: [0 0 0 0 0 0 0 0 0 0 0 0 0 0 0 0 0 0 0 1 1 0 0]
Test accurate: 1.0
******************************
Iteration: 10
Training samples: 250
Training Index: [9, 59, 2, 66, 18, 58, 51, 55, 29, 5, 24, 22, 17, 11, 12, 69, 25, 31, 56, 50, 65, 80, 6, 71, 74, 67, 20, 35, 48, 43, 32, 0, 13, 45, 60, 28, 42, 83, 41, 76, 49, 70, 37, 38, 47, 61, 3, 72, 54, 33, 39, 23, 44, 84, 19, 64, 81, 21, 30, 10, 8, 68, 14, 1, 77, 62, 34, 73, 15, 82]
Validation samples: 29
Validation Index: [27, 78, 26, 46, 75, 57, 4, 7]
Test samples: 28
Test Index: [52, 40, 53, 79, 16, 63, 36]
Validation ground truth: [1 1 0 0 1 1 1 1 0 0 0 0 0 0 0 0 0 0 0 0 1 1 1 1 1 1 1 1 1]
Validation result: [1 1 0 0 1 1 1 1 0 0 0 0 0 0 0 0 0 0 0 0 1 1 1 1 1 1 1 1 1]
Validation accurate: 1.0
Test ground truth: [0 0 0 0 0 0 0 0 0 0 0 0 0 0 0 0 0 1 1 1 1 0 0 0 0 0 0 0]
Test result: [0 0 0 0 0 0 0 0 0 0 0 0 0 0 0 0 0 1 1 1 1 0 0 0 0 0 0 0]
Test accurate: 1.0
******************************
Iteration: 11
Training samples: 243
Training Index: [83, 71, 76, 8, 56, 17, 62, 36, 37, 66, 27, 77, 75, 9, 72, 32, 81, 42, 35, 11, 57, 1, 53, 78, 73, 82, 45, 46, 10, 16, 33, 55, 19, 0, 47, 41, 25, 80, 6, 28, 51, 18, 52, 58, 24, 49, 12, 20, 34, 14, 22, 26, 61, 79, 5, 30, 4, 38, 15, 50, 29, 60, 65, 31, 59, 2, 7, 54, 13, 74]
Validation samples: 28
Validation Index: [40, 64, 21, 63, 68, 43, 44, 84]
Test samples: 36
Test Index: [3, 70, 48, 23, 69, 67, 39]
Validation ground truth: [0 0 0 0 0 0 0 0 0 1 1 1 1 0 0 0 0 0 0 0 0 0 0 0 0 0 0 0]
Validation result: [0 0 0 0 0 0 0 0 0 1 1 1 1 0 0 0 0 0 0 0 0 0 0 0 0 0 0 0]
Validation accurate: 1.0
Test ground truth: [1 1 1 1 1 1 0 0 0 0 0 0 0 0 0 0 0 1 1 1 1 0 0 0 0 0 0 0 0 0 0 0 0 0 0 0]
Test result: [1 1 1 1 1 1 0 0 0 0 0 0 0 0 0 0 0 1 1 1 1 0 0 0 0 0 0 0 0 0 0 1 1 0 0 1]
Test accurate: 0.916666666667
******************************
Iteration: 12
Training samples: 262
Training Index: [14, 55, 15, 7, 2, 80, 18, 25, 22, 66, 34, 73, 37, 83, 16, 72, 63, 51, 74, 61, 48, 54, 45, 65, 78, 53, 64, 1, 71, 68, 59, 40, 42, 38, 13, 30, 26, 70, 77, 33, 35, 12, 17, 84, 5, 67, 75, 44, 47, 82, 29, 62, 11, 4, 19, 79, 31, 56, 69, 10, 20, 28, 0, 8, 60, 41, 46, 81, 39, 24]
Validation samples: 22
Validation Index: [58, 36, 6, 9, 32, 52, 3, 27]
Test samples: 23
Test Index: [76, 50, 43, 57, 49, 23, 21]
Validation ground truth: [0 0 0 0 0 1 1 1 1 1 1 0 0 0 1 1 1 1 1 1 1 1]
Validation result: [0 0 0 0 0 1 1 1 1 1 1 0 0 0 1 1 1 1 0 1 1 1]
Validation accurate: 0.95454543829
Test ground truth: [0 0 0 0 0 0 0 0 0 0 0 0 0 0 0 1 1 1 1 1 1 1 1]
Test result: [0 0 0 0 0 0 0 0 0 0 0 0 0 0 0 1 1 1 1 1 1 1 1]
Test accurate: 1.0
******************************
Iteration: 13
Training samples: 254
Training Index: [12, 3, 33, 52, 17, 10, 51, 61, 25, 79, 4, 30, 35, 16, 70, 37, 43, 71, 84, 46, 77, 19, 47, 67, 62, 81, 39, 72, 27, 50, 59, 69, 74, 56, 21, 58, 14, 9, 28, 26, 76, 78, 80, 66, 24, 0, 18, 41, 2, 60, 34, 11, 5, 55, 65, 49, 8, 57, 53, 31, 6, 45, 48, 68, 63, 75, 73, 44, 20, 40]
Validation samples: 26
Validation Index: [1, 83, 32, 42, 13, 7, 36, 15]
Test samples: 27
Test Index: [82, 23, 38, 64, 22, 29, 54]
Validation ground truth: [1 1 1 1 1 1 1 1 0 0 1 1 0 1 1 1 1 1 1 1 0 0 1 1 1 1]
Validation result: [1 1 1 1 1 1 1 1 0 0 1 1 0 0 0 0 0 1 1 1 0 0 1 1 1 1]
Validation accurate: 0.846153855324
Test ground truth: [0 0 0 0 1 1 1 1 0 0 0 0 0 0 0 1 1 1 1 1 1 1 1 0 0 0 0]
Test result: [0 0 0 0 1 1 1 1 0 0 0 0 0 0 0 1 1 1 1 1 1 1 1 0 0 0 0]
Test accurate: 1.0
******************************
Iteration: 14
Training samples: 253
Training Index: [3, 62, 6, 55, 7, 73, 14, 31, 42, 40, 54, 33, 18, 61, 45, 8, 81, 39, 57, 59, 37, 63, 25, 68, 71, 43, 58, 65, 82, 48, 22, 70, 80, 26, 29, 5, 12, 2, 74, 78, 83, 11, 27, 84, 52, 38, 56, 67, 79, 72, 35, 30, 23, 16, 77, 66, 49, 41, 17, 21, 15, 13, 60, 28, 32, 1, 19, 76, 47, 10]
Validation samples: 28
Validation Index: [46, 50, 64, 69, 44, 34, 9, 75]
Test samples: 26
Test Index: [53, 24, 36, 0, 51, 4, 20]
Validation ground truth: [0 0 0 0 0 0 0 0 0 0 0 0 0 0 0 0 0 0 0 0 0 0 0 0 0 1 0 0]
Validation result: [0 0 0 0 0 0 0 0 0 0 0 0 0 0 0 0 0 0 0 0 0 0 0 0 0 1 0 0]
Validation accurate: 1.0
Test ground truth: [0 0 0 0 1 1 1 0 0 1 1 1 1 0 0 0 0 1 1 1 1 1 1 1 1 1]
Test result: [0 0 0 0 0 0 0 0 0 1 1 1 1 0 0 0 0 1 1 1 1 1 1 1 1 1]
Test accurate: 0.884615361691
******************************
Iteration: 15
Training samples: 249
Training Index: [83, 36, 47, 66, 22, 9, 3, 82, 0, 77, 80, 67, 21, 62, 58, 75, 69, 32, 42, 35, 33, 11, 39, 43, 14, 18, 26, 4, 37, 63, 70, 6, 64, 71, 51, 44, 52, 28, 56, 65, 68, 5, 20, 7, 15, 45, 79, 34, 31, 16, 59, 38, 50, 2, 41, 19, 73, 40, 53, 17, 76, 72, 25, 49, 23, 84, 81, 27, 1, 30]
Validation samples: 28
Validation Index: [57, 24, 46, 10, 78, 13, 29, 55]
Test samples: 30
Test Index: [12, 61, 8, 54, 60, 48, 74]
Validation ground truth: [0 1 1 1 0 0 0 0 0 0 0 0 0 1 0 0 1 1 1 1 1 1 1 1 0 0 0 0]
Validation result: [0 0 0 0 0 0 0 0 0 0 0 0 0 1 0 0 0 0 0 0 1 1 1 1 0 0 0 0]
Validation accurate: 0.75
Test ground truth: [1 1 1 1 1 0 0 0 0 0 1 1 1 0 0 0 0 0 0 0 0 0 0 0 0 0 0 0 0 0]
Test result: [1 1 1 1 1 0 0 0 0 0 1 1 1 0 0 0 0 0 0 0 0 0 0 0 0 0 0 0 0 0]
Test accurate: 1.0
******************************
Iteration: 16
Training samples: 264
Training Index: [81, 41, 48, 61, 1, 51, 69, 40, 35, 25, 58, 46, 62, 65, 11, 56, 52, 47, 72, 68, 80, 2, 37, 57, 21, 19, 36, 18, 12, 38, 9, 13, 5, 59, 49, 23, 34, 3, 67, 44, 10, 0, 39, 7, 4, 83, 50, 43, 76, 70, 60, 74, 42, 16, 73, 79, 14, 28, 26, 63, 29, 17, 66, 54, 8, 20, 55, 22, 30, 82]
Validation samples: 18
Validation Index: [53, 77, 15, 78, 6, 32, 84, 33]
Test samples: 25
Test Index: [75, 45, 27, 64, 71, 31, 24]
Validation ground truth: [0 0 0 0 0 1 1 1 1 0 0 1 1 1 1 1 0 1]
Validation result: [0 0 0 0 0 1 1 1 1 0 0 1 1 1 1 1 0 1]
Validation accurate: 1.0
Test ground truth: [0 0 0 0 0 0 0 0 0 0 0 1 1 0 0 0 0 0 0 0 0 1 1 1 1]
Test result: [0 0 0 0 0 0 0 0 0 0 0 1 1 0 0 0 0 0 0 0 0 1 0 0 1]
Test accurate: 0.920000016689
******************************
Iteration: 17
Training samples: 255
Training Index: [62, 43, 80, 28, 73, 12, 49, 59, 65, 64, 11, 50, 53, 22, 81, 56, 61, 76, 24, 45, 75, 44, 68, 39, 74, 69, 13, 71, 41, 2, 70, 32, 79, 66, 31, 21, 60, 15, 5, 18, 42, 26, 78, 30, 52, 83, 4, 7, 63, 82, 77, 36, 8, 51, 34, 57, 23, 46, 37, 17, 6, 10, 35, 1, 0, 72, 3, 58, 55, 29]
Validation samples: 29
Validation Index: [16, 38, 84, 40, 54, 27, 48, 20]
Test samples: 23
Test Index: [25, 67, 19, 33, 9, 47, 14]
Validation ground truth: [1 1 1 1 0 0 0 0 0 0 0 0 0 0 0 0 0 1 1 0 0 0 0 0 0 0 1 1 1]
Validation result: [1 1 1 1 0 0 0 0 0 0 0 0 0 0 0 0 0 1 1 0 0 0 0 0 0 0 1 1 1]
Validation accurate: 1.0
Test ground truth: [1 1 1 1 0 0 0 0 0 1 1 1 0 0 0 0 0 0 0 1 1 1 1]
Test result: [1 1 0 1 0 0 0 0 0 1 1 1 0 0 0 0 0 0 0 1 1 1 1]
Test accurate: 0.956521749496
******************************
Iteration: 18
Training samples: 257
Training Index: [55, 36, 59, 5, 50, 16, 83, 51, 56, 37, 32, 20, 6, 62, 31, 64, 21, 82, 41, 43, 66, 52, 67, 15, 27, 70, 8, 63, 46, 77, 69, 2, 7, 49, 24, 40, 53, 26, 34, 84, 48, 1, 22, 54, 73, 80, 9, 30, 78, 45, 72, 60, 0, 28, 75, 4, 68, 47, 44, 14, 74, 35, 19, 17, 12, 10, 76, 58, 65, 61]
Validation samples: 24
Validation Index: [79, 71, 57, 81, 13, 39, 42, 38]
Test samples: 26
Test Index: [33, 18, 25, 29, 11, 23, 3]
Validation ground truth: [0 0 0 0 0 0 0 0 0 0 0 1 1 1 1 0 0 0 0 0 0 0 0 0]
Validation result: [0 0 0 0 0 0 0 0 0 0 0 0 0 0 0 0 0 0 0 0 0 0 0 0]
Validation accurate: 0.833333313465
Test ground truth: [1 1 1 1 1 1 1 1 1 1 1 1 1 1 1 1 1 1 1 1 1 1 1 1 1 1]
Test result: [1 0 1 1 0 1 1 1 1 1 1 1 1 1 1 1 1 1 1 1 0 0 1 0 0 1]
Test accurate: 0.769230782986
******************************
Iteration: 19
Training samples: 266
Training Index: [49, 36, 67, 14, 31, 82, 81, 69, 77, 27, 74, 9, 73, 53, 29, 47, 1, 78, 71, 15, 23, 58, 5, 41, 39, 60, 20, 79, 24, 76, 0, 2, 55, 83, 28, 84, 43, 13, 75, 33, 34, 7, 38, 51, 6, 62, 48, 4, 63, 70, 45, 12, 50, 59, 64, 22, 40, 3, 30, 46, 19, 80, 16, 17, 26, 72, 66, 32, 65, 11]
Validation samples: 21
Validation Index: [35, 42, 52, 37, 18, 54, 61, 57]
Test samples: 20
Test Index: [25, 10, 56, 8, 68, 44, 21]
Validation ground truth: [0 0 0 0 0 0 0 0 0 0 1 0 0 0 0 0 0 0 0 0 0]
Validation result: [0 0 0 0 0 0 0 0 0 0 1 0 0 0 0 0 0 0 0 0 0]
Validation accurate: 1.0
Test ground truth: [1 1 1 1 1 0 0 0 0 1 1 1 0 0 0 0 1 1 1 1]
Test result: [1 1 0 1 1 0 0 0 0 1 1 1 0 0 0 0 1 1 1 1]
Test accurate: 0.949999988079
******************************
Iteration: 20
Training samples: 247
Training Index: [29, 3, 23, 46, 49, 78, 76, 74, 82, 84, 71, 62, 58, 21, 27, 66, 79, 34, 2, 83, 80, 37, 53, 38, 67, 57, 5, 73, 44, 11, 10, 18, 48, 55, 24, 30, 47, 8, 28, 39, 50, 68, 35, 81, 15, 59, 16, 69, 64, 43, 72, 4, 65, 31, 54, 75, 51, 25, 12, 32, 17, 7, 60, 19, 56, 42, 61, 6, 52, 14]
Validation samples: 35
Validation Index: [63, 0, 26, 77, 20, 1, 9, 45]
Test samples: 25
Test Index: [40, 41, 22, 13, 36, 33, 70]
Validation ground truth: [0 0 0 0 0 1 1 1 1 1 1 1 1 0 1 1 1 1 1 1 1 1 1 1 1 1 0 0 0 0 0 0 0 0 0]
Validation result: [0 0 0 0 0 1 1 1 1 1 1 1 1 0 1 1 1 1 1 1 1 1 1 1 1 1 0 0 0 0 0 0 0 0 0]
Validation accurate: 1.0
Test ground truth: [0 0 0 0 0 0 0 0 0 0 1 1 1 1 1 1 1 1 0 0 1 0 0 0 0]
Test result: [0 0 0 0 0 0 0 0 0 0 1 1 1 1 0 0 0 0 0 0 1 0 0 0 0]
Test accurate: 0.839999973774
******************************
Iteration: 21
Training samples: 265
Training Index: [41, 74, 22, 78, 13, 45, 49, 35, 57, 79, 53, 7, 61, 65, 47, 36, 40, 43, 84, 44, 55, 10, 29, 80, 30, 15, 21, 62, 17, 46, 27, 58, 2, 34, 39, 8, 25, 24, 60, 31, 67, 14, 26, 11, 59, 77, 71, 73, 37, 56, 33, 20, 3, 68, 66, 48, 18, 52, 81, 12, 0, 50, 6, 75, 32, 1, 70, 4, 16, 5]
Validation samples: 24
Validation Index: [38, 63, 69, 54, 82, 72, 28, 9]
Test samples: 18
Test Index: [42, 19, 83, 76, 51, 23, 64]
Validation ground truth: [0 0 0 0 0 0 0 0 0 0 0 0 0 0 0 0 0 0 0 0 0 0 1 1]
Validation result: [0 0 0 0 0 0 0 0 0 0 0 0 0 0 0 0 0 0 0 0 0 0 1 1]
Validation accurate: 1.0
Test ground truth: [0 1 0 0 0 0 0 0 0 0 1 1 1 1 0 0 0 0]
Test result: [0 1 0 0 0 0 0 0 0 0 1 1 1 1 0 0 0 0]
Test accurate: 1.0
******************************
Iteration: 22
Training samples: 246
Training Index: [84, 23, 69, 31, 7, 76, 22, 48, 72, 36, 78, 55, 34, 53, 17, 59, 79, 35, 0, 46, 40, 71, 39, 62, 14, 24, 29, 75, 52, 82, 11, 37, 38, 42, 68, 81, 77, 57, 67, 3, 43, 64, 15, 19, 63, 66, 58, 49, 5, 60, 33, 10, 25, 27, 74, 21, 56, 18, 20, 44, 83, 47, 13, 41, 4, 51, 16, 12, 73, 2]
Validation samples: 34
Validation Index: [26, 8, 9, 28, 65, 45, 1, 30]
Test samples: 27
Test Index: [50, 6, 32, 54, 70, 80, 61]
Validation ground truth: [1 1 1 1 1 1 1 1 1 0 0 0 0 0 0 0 0 0 0 0 0 0 0 1 1 1 1 1 1 1 1 1 1 1]
Validation result: [1 1 1 1 1 1 1 1 1 0 0 0 0 0 0 0 0 0 0 0 0 0 0 1 1 1 1 1 1 1 1 1 1 1]
Validation accurate: 1.0
Test ground truth: [0 0 0 0 1 1 1 1 1 0 0 0 0 0 0 0 0 0 0 0 0 0 0 0 0 0 0]
Test result: [0 0 0 0 1 1 1 1 1 0 0 0 0 0 0 0 0 0 0 0 0 0 0 0 0 0 0]
Test accurate: 1.0
******************************
Iteration: 23
Training samples: 253
Training Index: [55, 48, 51, 76, 72, 60, 70, 26, 27, 5, 37, 54, 41, 45, 10, 25, 33, 77, 0, 17, 30, 20, 36, 22, 47, 6, 58, 66, 49, 32, 69, 42, 75, 28, 7, 40, 23, 62, 9, 38, 8, 43, 84, 53, 79, 31, 21, 24, 61, 68, 65, 57, 78, 18, 74, 4, 50, 1, 12, 71, 59, 29, 11, 2, 80, 82, 52, 39, 34, 15]
Validation samples: 25
Validation Index: [44, 35, 81, 46, 16, 73, 13, 83]
Test samples: 29
Test Index: [63, 56, 14, 3, 67, 64, 19]
Validation ground truth: [0 0 0 0 0 0 0 0 0 0 0 0 0 0 1 1 1 1 0 1 1 1 1 0 0]
Validation result: [0 0 0 0 0 0 0 0 0 0 0 0 0 0 1 1 1 1 0 0 0 0 0 0 0]
Validation accurate: 0.839999973774
Test ground truth: [0 0 0 0 0 0 0 0 0 1 1 1 1 1 1 1 1 1 1 0 0 0 0 0 0 0 0 0 1]
Test result: [0 0 0 0 0 0 0 0 0 1 1 1 1 1 1 1 1 1 1 0 0 0 0 0 0 0 0 0 1]
Test accurate: 1.0
******************************
Iteration: 24
Training samples: 251
Training Index: [83, 23, 59, 72, 3, 20, 18, 80, 68, 14, 78, 64, 81, 66, 43, 42, 24, 45, 37, 77, 57, 5, 11, 49, 75, 63, 4, 17, 47, 10, 67, 13, 61, 9, 54, 28, 26, 12, 38, 62, 56, 22, 70, 41, 6, 65, 55, 15, 74, 7, 48, 69, 52, 31, 16, 30, 1, 40, 27, 50, 2, 32, 35, 76, 84, 36, 58, 21, 33, 71]
Validation samples: 37
Validation Index: [53, 79, 39, 51, 60, 46, 0, 19]
Test samples: 19
Test Index: [82, 73, 25, 34, 29, 44, 8]
Validation ground truth: [0 0 0 0 0 0 0 0 0 0 0 0 0 0 0 0 0 0 0 0 0 0 0 0 0 0 0 0 0 0 0 0 1 1 1 1 1]
Validation result: [0 0 0 0 0 0 0 0 0 0 0 0 0 0 0 0 0 0 0 0 0 0 0 0 0 0 0 0 0 0 0 0 1 1 1 1 1]
Validation accurate: 1.0
Test ground truth: [0 0 0 0 0 1 1 1 1 0 0 1 1 1 1 0 1 1 1]
Test result: [0 0 0 0 0 1 1 0 1 0 0 1 1 1 1 0 1 1 1]
Test accurate: 0.947368443012
******************************
Iteration: 25
Training samples: 255
Training Index: [82, 16, 43, 72, 15, 26, 5, 27, 25, 6, 61, 58, 75, 18, 38, 76, 41, 60, 1, 39, 63, 54, 11, 22, 12, 81, 20, 68, 33, 73, 78, 57, 84, 24, 44, 77, 48, 51, 35, 31, 2, 67, 46, 79, 52, 36, 64, 28, 49, 4, 40, 9, 55, 83, 53, 50, 30, 21, 70, 66, 56, 32, 19, 37, 59, 13, 80, 45, 47, 17]
Validation samples: 26
Validation Index: [0, 62, 34, 10, 74, 8, 23, 3]
Test samples: 26
Test Index: [65, 7, 29, 71, 42, 14, 69]
Validation ground truth: [1 1 1 1 0 0 0 0 0 0 0 1 0 1 1 1 1 1 1 1 1 1 1 1 1 1]
Validation result: [1 1 1 1 0 0 0 0 0 0 0 1 0 1 1 1 1 1 1 1 1 1 1 1 1 1]
Validation accurate: 1.0
Test ground truth: [0 0 0 0 0 1 1 1 1 1 1 1 0 0 0 0 0 1 1 1 1 0 0 0 0 0]
Test result: [0 0 0 0 0 1 1 1 1 1 1 1 0 0 0 0 0 1 1 1 1 0 0 0 0 0]
Test accurate: 1.0
******************************
Iteration: 26
Training samples: 249
Training Index: [69, 15, 70, 84, 6, 45, 24, 42, 41, 9, 77, 82, 29, 12, 63, 27, 30, 25, 0, 54, 50, 21, 22, 65, 80, 38, 44, 79, 7, 58, 51, 74, 10, 60, 52, 20, 71, 73, 62, 33, 23, 16, 57, 39, 19, 40, 5, 31, 35, 14, 64, 18, 43, 2, 46, 3, 66, 11, 1, 61, 32, 28, 76, 8, 75, 49, 34, 17, 67, 72]
Validation samples: 37
Validation Index: [48, 56, 55, 13, 47, 37, 68, 59]
Test samples: 21
Test Index: [83, 36, 78, 4, 81, 53, 26]
Validation ground truth: [0 0 0 0 0 0 0 0 0 0 0 0 0 0 0 1 1 1 1 0 0 0 0 0 0 0 0 0 0 0 0 0 0 0 0 0 0]
Validation result: [0 0 0 0 0 0 0 0 0 0 0 0 0 0 0 0 0 0 0 0 0 0 0 0 0 0 0 0 0 0 0 0 0 0 0 0 0]
Validation accurate: 0.891891891892
Test ground truth: [0 0 0 0 0 0 1 1 1 1 1 1 0 0 0 0 0 1 1 1 1]
Test result: [0 0 0 0 0 0 1 1 1 1 1 1 0 0 0 0 0 1 1 1 1]
Test accurate: 1.0
******************************
Iteration: 27
Training samples: 249
Training Index: [14, 60, 70, 67, 50, 61, 73, 30, 26, 63, 56, 81, 25, 1, 36, 16, 82, 13, 35, 9, 80, 0, 76, 12, 83, 49, 58, 44, 47, 3, 7, 45, 19, 79, 52, 5, 55, 33, 22, 72, 17, 2, 68, 65, 43, 75, 48, 24, 71, 23, 40, 84, 11, 15, 10, 77, 8, 34, 69, 78, 53, 21, 62, 59, 42, 27, 28, 31, 18, 29]
Validation samples: 35
Validation Index: [57, 32, 39, 41, 4, 54, 46, 20]
Test samples: 23
Test Index: [66, 38, 64, 37, 6, 74, 51]
Validation ground truth: [0 1 1 0 0 0 0 0 0 0 0 0 0 1 1 1 1 1 1 0 0 0 0 0 0 0 0 0 0 0 0 0 1 1 1]
Validation result: [0 1 1 0 0 0 0 0 0 0 0 0 0 1 1 1 1 1 1 0 0 0 0 0 0 0 0 0 0 0 0 0 1 1 1]
Validation accurate: 1.0
Test ground truth: [0 0 0 0 0 0 0 0 0 0 0 0 0 0 0 1 1 1 0 0 0 0 0]
Test result: [0 0 0 0 0 0 0 0 0 0 0 0 0 0 0 1 1 1 0 0 0 0 0]
Test accurate: 1.0
******************************
Iteration: 28
Training samples: 252
Training Index: [82, 84, 30, 0, 1, 33, 78, 67, 6, 5, 61, 46, 26, 9, 43, 20, 57, 80, 62, 8, 22, 10, 79, 55, 15, 4, 7, 40, 12, 69, 37, 2, 36, 18, 52, 3, 28, 76, 54, 25, 31, 71, 50, 45, 53, 35, 73, 13, 77, 38, 21, 72, 65, 63, 44, 83, 81, 60, 23, 48, 59, 68, 51, 34, 27, 70, 49, 41, 17, 74]
Validation samples: 28
Validation Index: [16, 19, 32, 14, 64, 66, 42, 47]
Test samples: 27
Test Index: [39, 58, 56, 29, 75, 11, 24]
Validation ground truth: [1 1 1 1 1 1 1 1 1 1 1 0 0 0 0 0 0 0 0 0 0 0 0 0 0 0 0 0]
Validation result: [1 1 1 1 0 1 1 1 1 1 1 0 0 0 0 0 0 0 0 0 0 0 0 0 0 0 0 0]
Validation accurate: 0.964285731316
Test ground truth: [0 0 0 0 0 0 0 0 0 0 0 0 1 1 1 1 0 0 1 1 1 1 1 1 1 1 1]
Test result: [0 0 0 0 0 0 0 0 0 0 0 0 1 1 1 1 0 0 1 1 1 1 1 1 0 0 0]
Test accurate: 0.888888895512
******************************
Iteration: 29
Training samples: 243
Training Index: [82, 32, 72, 55, 0, 33, 49, 47, 27, 75, 73, 62, 14, 6, 18, 81, 24, 77, 50, 45, 43, 1, 74, 68, 51, 70, 40, 57, 65, 15, 4, 58, 19, 12, 71, 46, 84, 30, 25, 66, 38, 11, 13, 39, 41, 59, 9, 5, 28, 31, 69, 20, 17, 2, 78, 36, 76, 53, 34, 26, 7, 63, 64, 8, 56, 52, 37, 23, 10, 44]
Validation samples: 36
Validation Index: [61, 48, 22, 83, 67, 54, 79, 21]
Test samples: 28
Test Index: [60, 29, 42, 3, 35, 80, 16]
Validation ground truth: [0 0 0 0 0 0 0 0 0 0 0 0 1 1 1 1 0 0 0 0 0 0 0 0 0 0 0 0 0 0 0 0 1 1 1 1]
Validation result: [0 0 0 0 0 0 0 0 0 0 0 0 1 1 1 1 0 0 0 0 0 0 0 0 0 0 0 0 0 0 0 0 1 1 1 1]
Validation accurate: 1.0
Test ground truth: [0 0 0 0 0 1 1 1 1 0 1 1 1 1 1 1 0 0 0 0 0 0 0 0 1 1 1 1]
Test result: [0 0 0 0 0 1 1 1 1 0 1 1 1 1 1 1 0 0 0 0 0 0 0 0 1 1 1 1]
Test accurate: 1.0
******************************
Iteration: 30
Training samples: 255
Training Index: [17, 6, 47, 64, 66, 84, 50, 2, 70, 56, 46, 39, 61, 13, 82, 16, 63, 75, 54, 69, 35, 77, 81, 83, 37, 67, 41, 53, 31, 45, 58, 11, 33, 28, 44, 48, 23, 0, 49, 18, 10, 8, 59, 27, 26, 20, 71, 3, 21, 40, 19, 72, 36, 52, 42, 76, 80, 25, 24, 55, 79, 22, 15, 14, 62, 57, 9, 43, 73, 12]
Validation samples: 31
Validation Index: [68, 30, 65, 1, 38, 51, 34, 7]
Test samples: 21
Test Index: [4, 74, 32, 60, 5, 78, 29]
Validation ground truth: [0 0 0 1 1 1 0 0 0 0 0 1 1 1 1 1 1 1 1 0 0 0 0 0 0 0 0 0 1 1 1]
Validation result: [0 0 0 1 1 1 0 0 0 0 0 1 1 1 1 1 1 1 1 0 0 0 0 0 0 0 0 0 1 1 1]
Validation accurate: 1.0
Test ground truth: [1 1 1 1 1 1 0 1 1 0 0 0 0 0 1 0 0 1 1 1 1]
Test result: [1 1 1 1 1 1 0 1 1 0 0 0 0 0 1 0 0 1 1 1 1]
Test accurate: 1.0
******************************
Iteration: 31
Training samples: 250
Training Index: [73, 48, 55, 14, 43, 21, 64, 54, 2, 12, 28, 37, 32, 46, 63, 5, 10, 36, 58, 81, 38, 67, 25, 83, 76, 13, 3, 82, 29, 44, 74, 27, 16, 56, 19, 60, 17, 84, 79, 52, 34, 7, 80, 53, 18, 78, 70, 9, 45, 66, 41, 35, 62, 31, 6, 1, 77, 4, 71, 11, 57, 0, 59, 20, 33, 39, 65, 49, 50, 42]
Validation samples: 30
Validation Index: [23, 51, 22, 8, 75, 30, 40, 69]
Test samples: 27
Test Index: [68, 26, 47, 72, 15, 61, 24]
Validation ground truth: [1 1 1 1 0 0 0 0 1 1 1 1 1 1 1 0 0 1 1 1 0 0 0 0 0 0 0 0 0 0]
Validation result: [1 1 1 1 0 0 0 0 1 1 1 1 1 1 1 0 0 1 1 1 0 0 0 0 0 0 0 0 0 0]
Validation accurate: 1.0
Test ground truth: [0 0 0 1 1 1 1 0 0 0 0 0 0 0 0 1 1 1 1 0 0 0 0 0 1 1 1]
Test result: [0 0 0 1 1 1 1 0 0 0 0 0 0 0 0 1 1 1 1 0 0 0 0 0 0 0 1]
Test accurate: 0.925925910473
******************************
Iteration: 32
Training samples: 262
Training Index: [6, 10, 33, 58, 27, 73, 8, 26, 70, 44, 55, 68, 32, 52, 45, 46, 54, 36, 9, 83, 34, 67, 64, 23, 56, 29, 2, 7, 37, 59, 65, 17, 63, 69, 13, 5, 21, 49, 4, 28, 1, 66, 79, 14, 19, 84, 16, 39, 76, 57, 41, 38, 18, 22, 72, 60, 78, 3, 25, 40, 62, 48, 80, 11, 51, 24, 61, 43, 71, 30]
Validation samples: 28
Validation Index: [82, 47, 31, 20, 15, 81, 0, 50]
Test samples: 17
Test Index: [75, 35, 42, 53, 77, 74, 12]
Validation ground truth: [0 0 0 0 0 0 0 0 0 0 0 1 1 1 1 1 1 1 1 0 1 1 1 1 0 0 0 0]
Validation result: [0 0 0 0 0 0 0 0 0 0 0 1 1 1 1 1 1 1 1 0 1 1 1 1 0 0 0 0]
Validation accurate: 1.0
Test ground truth: [0 0 0 0 0 0 0 0 0 0 0 0 1 1 1 1 1]
Test result: [0 0 0 0 0 0 0 0 0 0 0 0 1 1 1 0 1]
Test accurate: 0.941176474094
******************************
Iteration: 33
Training samples: 252
Training Index: [3, 67, 16, 12, 46, 51, 25, 81, 63, 21, 50, 18, 80, 57, 7, 36, 58, 4, 1, 41, 42, 28, 77, 44, 39, 68, 34, 30, 75, 56, 31, 61, 73, 32, 14, 53, 55, 60, 2, 29, 38, 84, 27, 13, 74, 26, 72, 69, 0, 66, 62, 83, 78, 54, 70, 82, 47, 76, 49, 79, 59, 37, 22, 24, 40, 17, 48, 71, 9, 5]
Validation samples: 25
Validation Index: [6, 10, 52, 33, 15, 43, 65, 8]
Test samples: 30
Test Index: [35, 11, 20, 23, 19, 64, 45]
Validation ground truth: [1 1 1 1 0 0 0 1 1 1 1 1 0 0 0 0 0 0 0 0 0 0 1 1 1]
Validation result: [1 1 1 1 0 0 0 1 1 1 1 1 0 0 0 0 0 0 0 0 0 0 1 1 1]
Validation accurate: 1.0
Test ground truth: [0 0 0 1 1 1 1 1 1 1 1 1 1 1 1 1 1 0 0 0 0 0 0 0 0 0 0 0 0 0]
Test result: [0 0 0 1 1 1 1 1 1 1 1 1 1 1 1 1 1 0 0 0 0 0 0 0 0 0 0 0 0 0]
Test accurate: 1.0
******************************
Iteration: 34
Training samples: 251
Training Index: [18, 50, 11, 76, 48, 44, 64, 58, 31, 67, 24, 37, 9, 38, 80, 63, 81, 66, 6, 40, 42, 49, 77, 56, 79, 26, 83, 70, 39, 47, 4, 15, 69, 46, 60, 2, 74, 5, 1, 51, 52, 28, 71, 84, 55, 19, 14, 20, 8, 35, 45, 72, 10, 54, 36, 16, 32, 29, 27, 23, 68, 41, 33, 82, 65, 25, 22, 78, 62, 75]
Validation samples: 36
Validation Index: [61, 21, 7, 13, 59, 43, 3, 53]
Test samples: 20
Test Index: [34, 30, 57, 0, 17, 12, 73]
Validation ground truth: [0 0 0 0 0 1 1 1 1 1 1 1 1 1 1 1 0 0 0 0 0 0 0 0 0 0 1 1 1 1 1 1 0 0 0 0]
Validation result: [0 0 0 0 0 1 1 1 1 1 1 1 0 0 0 0 0 0 0 0 0 0 0 0 0 0 1 1 1 1 0 1 0 0 0 0]
Validation accurate: 0.861111111111
Test ground truth: [0 0 1 1 1 0 1 1 1 1 1 1 1 1 1 1 1 1 1 0]
Test result: [0 0 1 1 1 0 1 1 1 1 1 1 1 1 1 1 1 0 1 0]
Test accurate: 0.949999988079
******************************
Iteration: 35
Training samples: 253
Training Index: [28, 27, 34, 46, 10, 4, 50, 38, 75, 59, 2, 68, 24, 51, 76, 53, 9, 84, 67, 72, 14, 26, 37, 57, 69, 32, 58, 81, 13, 78, 56, 8, 77, 73, 17, 33, 7, 55, 35, 43, 54, 66, 39, 41, 5, 30, 6, 70, 12, 0, 29, 80, 45, 20, 21, 11, 3, 16, 36, 48, 44, 71, 15, 42, 74, 65, 1, 62, 22, 63]
Validation samples: 31
Validation Index: [23, 18, 31, 47, 40, 64, 82, 60]
Test samples: 23
Test Index: [52, 61, 25, 19, 79, 83, 49]
Validation ground truth: [1 1 1 1 1 1 0 0 0 0 0 0 0 0 0 0 0 0 0 0 0 0 0 0 0 0 0 0 0 0 0]
Validation result: [1 1 1 1 1 1 0 0 0 0 0 0 0 0 0 0 0 0 0 0 0 0 0 0 0 0 0 0 0 0 0]
Validation accurate: 1.0
Test ground truth: [0 0 0 0 0 0 0 0 1 1 1 1 1 0 0 0 0 0 0 0 0 0 0]
Test result: [0 0 0 0 0 0 0 0 1 1 0 1 1 0 0 0 0 0 0 0 0 0 0]
Test accurate: 0.956521749496
******************************
Iteration: 36
Training samples: 246
Training Index: [68, 42, 0, 71, 69, 37, 13, 62, 7, 70, 41, 49, 56, 64, 34, 23, 33, 18, 50, 9, 8, 22, 66, 47, 16, 46, 78, 30, 29, 77, 84, 2, 35, 44, 48, 32, 63, 57, 36, 82, 12, 83, 24, 10, 31, 74, 15, 38, 53, 67, 80, 59, 6, 4, 19, 79, 51, 20, 17, 60, 25, 73, 26, 39, 76, 43, 3, 65, 28, 72]
Validation samples: 33
Validation Index: [75, 1, 45, 61, 5, 14, 58, 81]
Test samples: 28
Test Index: [40, 55, 54, 27, 11, 21, 52]
Validation ground truth: [0 0 1 1 1 1 1 1 1 1 0 0 0 0 0 0 0 0 0 0 0 0 0 0 1 1 1 1 1 0 0 0 0]
Validation result: [0 0 1 1 1 1 1 1 1 1 0 0 0 0 0 0 0 0 0 0 0 0 0 0 1 1 1 1 1 0 0 0 0]
Validation accurate: 1.0
Test ground truth: [0 0 0 0 0 0 0 0 0 0 0 0 0 1 1 1 1 1 1 1 1 1 1 1 1 0 0 0]
Test result: [0 0 0 0 0 0 0 0 0 0 0 0 0 1 1 1 1 1 1 1 1 1 1 1 1 0 0 0]
Test accurate: 1.0
******************************
Iteration: 37
Training samples: 258
Training Index: [67, 74, 53, 64, 40, 30, 25, 83, 48, 5, 71, 2, 14, 45, 11, 29, 28, 51, 72, 62, 35, 3, 65, 77, 54, 22, 12, 23, 6, 38, 49, 79, 46, 33, 4, 36, 15, 56, 10, 21, 24, 60, 41, 26, 82, 52, 13, 61, 78, 59, 50, 42, 9, 75, 37, 39, 57, 66, 19, 55, 18, 47, 84, 80, 43, 58, 0, 20, 81, 73]
Validation samples: 25
Validation Index: [44, 17, 7, 32, 8, 68, 70, 63]
Test samples: 24
Test Index: [76, 16, 27, 1, 31, 69, 34]
Validation ground truth: [0 1 1 1 1 1 1 1 1 1 1 1 1 0 0 0 0 0 0 0 0 0 0 0 0]
Validation result: [0 1 1 1 1 1 1 1 1 1 1 1 1 0 0 0 0 0 0 0 0 0 0 0 0]
Validation accurate: 1.0
Test ground truth: [0 0 1 1 1 1 1 1 1 1 1 1 1 1 1 1 1 0 0 0 0 0 0 0]
Test result: [0 0 1 1 1 1 1 1 1 1 1 1 1 1 1 1 1 0 0 0 0 0 0 0]
Test accurate: 1.0
******************************
Iteration: 38
Training samples: 263
Training Index: [40, 53, 8, 30, 24, 31, 6, 26, 51, 43, 62, 4, 23, 69, 46, 63, 17, 57, 29, 64, 33, 52, 47, 79, 36, 15, 21, 44, 67, 1, 20, 11, 50, 18, 82, 54, 83, 12, 75, 27, 74, 5, 10, 14, 19, 2, 70, 65, 76, 25, 34, 42, 13, 48, 41, 68, 81, 35, 39, 37, 55, 60, 49, 3, 80, 71, 66, 58, 22, 38]
Validation samples: 24
Validation Index: [7, 84, 28, 16, 0, 45, 72, 77]
Test samples: 20
Test Index: [59, 61, 78, 73, 56, 32, 9]
Validation ground truth: [1 1 1 0 1 1 1 1 1 1 1 1 1 0 0 0 0 0 0 0 0 0 0 0]
Validation result: [1 1 1 0 1 1 1 1 1 1 1 1 1 0 0 0 0 0 0 0 0 0 0 0]
Validation accurate: 1.0
Test ground truth: [0 0 0 0 0 0 0 0 0 0 0 0 0 0 0 0 0 1 1 1]
Test result: [0 0 0 0 0 0 0 0 0 0 0 0 0 0 0 0 0 1 1 1]
Test accurate: 1.0
******************************
Iteration: 39
Training samples: 245
Training Index: [31, 57, 71, 33, 62, 63, 83, 28, 72, 47, 50, 34, 37, 64, 49, 54, 0, 8, 22, 73, 70, 80, 76, 53, 2, 5, 51, 74, 18, 48, 20, 6, 82, 32, 52, 11, 81, 16, 41, 66, 42, 56, 3, 1, 15, 24, 61, 55, 67, 13, 26, 40, 25, 39, 4, 19, 65, 36, 77, 60, 58, 84, 68, 78, 69, 27, 23, 35, 79, 44]
Validation samples: 30
Validation Index: [38, 14, 9, 46, 30, 75, 29, 17]
Test samples: 32
Test Index: [43, 59, 10, 7, 12, 45, 21]
Validation ground truth: [0 0 0 1 1 1 1 1 0 0 0 0 0 0 0 0 0 1 1 1 0 0 1 1 1 1 1 1 1 1]
Validation result: [0 0 0 1 1 1 1 1 0 0 0 0 0 0 0 0 0 1 1 1 0 0 1 1 1 1 1 1 1 1]
Validation accurate: 1.0
Test ground truth: [0 0 0 0 0 0 0 0 0 0 1 1 1 1 1 1 1 1 1 0 0 0 0 0 0 0 0 0 1 1 1 1]
Test result: [0 0 0 0 0 0 0 0 0 0 1 1 1 1 1 1 1 0 1 0 0 0 0 0 0 0 0 0 1 1 1 1]
Test accurate: 0.96875



Final accurate results of LSTM is:0.961923881869
