===========283879================
========================11===============
0.287899
0.292240
0.269440
0.275708
0.269947
0.274807
0.289439
0.287344
0.280733
0.271946
0.272217
0.262140
0.293420
0.295334
0.286245
0.287469
0.213215
0.227258
0.275116
0.276763
0.256694
0.252607
0.183457
0.188312
0.184162
0.198548
0.212239
0.230589
0.218114
0.251896
0.226979
0.218803
0.285417
0.286505
0.285282
0.278438
0.284933
0.284538
0.280397
0.265452
0.277839
0.269908
0.221413
0.235604
0.268648
0.268017
0.261087
0.283241
0.256209
0.268516
0.271364
0.269721
0.242606
0.244063
0.264102
0.250893
0.231409
0.208399
0.225190
0.234969
0.297298
0.294896
0.292266
0.286384
0.315864
0.317026
0.302215
0.293001
0.304571
0.297887
0.284528
0.282370
0.283009
0.273694
0.293605
0.288007
0.222949
0.223606
0.215025
0.215560
0.265755
0.274826
0.294464
0.272993
0.284827
0.273362
0.228131
0.247431
0.236106
0.241828
0.193320
0.211807
0.188671
0.190867
0.225325
0.239918
0.227381
0.221239
0.250948
0.247630
0.244832
0.244560
0.238476
0.250025
0.199129
0.195993
0.193467
0.196132
0.231102
0.240661
0.177489
0.174914
0.257995
0.294775
0.292017
0.273119
0.268684
0.273230
0.279878
0.268418
========================12===============
0.288023
0.292391
0.269834
0.275823
0.270268
0.274770
0.289462
0.287314
0.280675
0.271956
0.272064
0.261948
0.294133
0.295427
0.286422
0.287688
0.212867
0.227801
0.275767
0.276883
0.257313
0.252925
0.183622
0.188233
0.184382
0.198574
0.212218
0.230304
0.217991
0.251779
0.227168
0.218831
0.285723
0.286960
0.285431
0.278605
0.285283
0.284712
0.279980
0.265094
0.277735
0.269686
0.221140
0.235348
0.269707
0.266634
0.260821
0.282971
0.256413
0.268727
0.271009
0.269297
0.242617
0.244191
0.264420
0.250867
0.231353
0.208577
0.224944
0.234895
0.297612
0.295210
0.292486
0.286408
0.316050
0.316545
0.302190
0.293075
0.304531
0.297643
0.284902
0.282409
0.283426
0.273632
0.294197
0.288402
0.222932
0.223658
0.214865
0.215971
0.265827
0.274694
0.294409
0.273844
0.284400
0.273229
0.227230
0.246305
0.236165
0.241777
0.193068
0.211338
0.188672
0.190965
0.225147
0.239820
0.227273
0.221117
0.250626
0.247457
0.244639
0.244322
0.238353
0.249982
0.199080
0.195903
0.193603
0.196225
0.231837
0.241557
0.177015
0.174871
0.256739
0.295003
0.292103
0.272989
0.268703
0.272819
0.281163
0.263116
========================13===============
0.287950
0.292606
0.270110
0.275859
0.270360
0.274851
0.289316
0.287743
0.280576
0.272398
0.271939
0.261680
0.292109
0.294561
0.286550
0.287950
0.213831
0.227116
0.276093
0.277162
0.257225
0.252857
0.183440
0.188129
0.184409
0.199032
0.212790
0.230762
0.217530
0.250745
0.227089
0.218625
0.284713
0.285589
0.285246
0.278456
0.285339
0.284809
0.280601
0.265541
0.277865
0.269879
0.220149
0.234988
0.264452
0.266855
0.260846
0.282933
0.256388
0.268691
0.271246
0.269634
0.242642
0.244173
0.264255
0.250797
0.231236
0.207961
0.224775
0.234843
0.297241
0.295207
0.292527
0.285917
0.315759
0.316560
0.301730
0.293245
0.304744
0.298013
0.284925
0.282363
0.283273
0.273300
0.294355
0.288719
0.223073
0.223800
0.215055
0.216079
0.265704
0.274647
0.291813
0.272389
0.283838
0.273367
0.226676
0.246527
0.236115
0.241898
0.193070
0.211316
0.188603
0.190933
0.225309
0.239977
0.227383
0.221202
0.249342
0.246696
0.244094
0.244331
0.238343
0.250069
0.199135
0.196123
0.193505
0.196437
0.232033
0.242304
0.177841
0.175003
0.256609
0.293680
0.292576
0.272968
0.268848
0.273920
0.284522
0.269456
========================14===============
0.287680
0.292517
0.269692
0.275674
0.270021
0.275071
0.289196
0.288085
0.280639
0.272778
0.271899
0.262124
0.293479
0.294966
0.286050
0.287464
0.214484
0.228434
0.275242
0.276699
0.256640
0.252614
0.183438
0.187561
0.184220
0.198808
0.212322
0.230118
0.216861
0.251149
0.226362
0.218447
0.285730
0.287890
0.285148
0.278256
0.285180
0.284667
0.280033
0.265215
0.277828
0.269968
0.220763
0.235061
0.269110
0.269477
0.260638
0.282656
0.256525
0.268576
0.271406
0.269389
0.242689
0.244150
0.264362
0.250906
0.230553
0.207052
0.224656
0.234628
0.296907
0.295144
0.292138
0.285895
0.315532
0.316719
0.301945
0.293787
0.304620
0.298253
0.284622
0.282320
0.282662
0.273083
0.293135
0.287557
0.223167
0.223825
0.215295
0.215340
0.264988
0.273591
0.294622
0.273963
0.284839
0.273535
0.227138
0.247720
0.236023
0.241727
0.193059
0.211136
0.188547
0.190813
0.225351
0.239907
0.227417
0.221118
0.250173
0.247089
0.244985
0.244305
0.238511
0.250342
0.199245
0.196052
0.193699
0.196629
0.231846
0.241249
0.177170
0.174808
0.256555
0.294027
0.292351
0.272904
0.269073
0.273976
0.281575
0.268098
========================15===============
0.287836
0.292103
0.269889
0.275833
0.270318
0.275039
0.289279
0.287671
0.280855
0.272498
0.272169
0.262750
0.293787
0.295727
0.285842
0.287289
0.213572
0.228486
0.275353
0.276840
0.257032
0.252916
0.183723
0.187996
0.184566
0.199181
0.213493
0.230719
0.217536
0.251981
0.227313
0.218919
0.285644
0.287441
0.285443
0.278781
0.284916
0.284587
0.280251
0.265350
0.278137
0.270629
0.220860
0.235303
0.268928
0.267795
0.260656
0.282758
0.256428
0.268048
0.271308
0.269085
0.242471
0.243884
0.264388
0.250711
0.230294
0.207259
0.224890
0.234735
0.296971
0.295101
0.292605
0.286451
0.316009
0.317151
0.302190
0.293700
0.304927
0.298856
0.284827
0.282506
0.282903
0.273311
0.293713
0.288093
0.223099
0.223744
0.215565
0.215426
0.265451
0.274384
0.294692
0.274342
0.284985
0.273794
0.227125
0.246901
0.236576
0.242138
0.193223
0.211671
0.188799
0.191218
0.225239
0.239899
0.227272
0.221317
0.250421
0.247755
0.245106
0.244411
0.238387
0.250151
0.199161
0.196185
0.193592
0.196439
0.232575
0.241881
0.176857
0.175026
0.257237
0.293438
0.292724
0.272448
0.268604
0.273586
0.282457
0.270904
========================16===============
0.287867
0.292233
0.269873
0.275984
0.270311
0.274924
0.289027
0.287527
0.280428
0.272714
0.271900
0.262272
0.293056
0.295101
0.286455
0.287771
0.213545
0.228400
0.275238
0.276824
0.256960
0.252690
0.183655
0.188019
0.184365
0.198833
0.213213
0.230815
0.217470
0.251359
0.226537
0.218277
0.285336
0.286854
0.285045
0.278434
0.285049
0.284884
0.280460
0.265947
0.277642
0.270056
0.220521
0.234988
0.267098
0.266787
0.260517
0.282418
0.256023
0.267741
0.270846
0.268780
0.242256
0.243722
0.264110
0.250327
0.230790
0.207108
0.224829
0.234694
0.297020
0.295216
0.292341
0.286059
0.316174
0.316936
0.301892
0.293609
0.304734
0.298046
0.284770
0.282366
0.283281
0.273424
0.294030
0.288404
0.223258
0.223716
0.215303
0.215896
0.265503
0.274530
0.293620
0.273589
0.284247
0.273708
0.226724
0.247142
0.236235
0.242095
0.193051
0.211516
0.188716
0.190976
0.225393
0.239810
0.227619
0.221346
0.249850
0.247288
0.244355
0.244330
0.238446
0.250132
0.199285
0.196190
0.193655
0.196516
0.231505
0.240896
0.177543
0.175102
0.257299
0.294285
0.291795
0.272959
0.269163
0.273669
0.283137
0.267262
========================17===============
0.287650
0.292239
0.269653
0.275809
0.270061
0.274974
0.289250
0.287795
0.280610
0.272559
0.271758
0.261715
0.293761
0.295664
0.286070
0.287268
0.213792
0.227073
0.274709
0.276549
0.256299
0.252250
0.183597
0.188201
0.184267
0.198854
0.212147
0.230043
0.217382
0.250971
0.225706
0.217444
0.285443
0.287197
0.285016
0.278226
0.285040
0.284641
0.280490
0.265824
0.277801
0.269809
0.220304
0.234661
0.266563
0.268074
0.260676
0.282801
0.256479
0.268235
0.271050
0.269335
0.242567
0.243885
0.264251
0.250849
0.230914
0.207616
0.224993
0.234593
0.296641
0.294929
0.291613
0.285486
0.315479
0.316565
0.301989
0.293498
0.304559
0.297913
0.284295
0.282125
0.282693
0.272918
0.293450
0.287872
0.223154
0.223728
0.215341
0.215673
0.265535
0.274569
0.294854
0.274122
0.285007
0.273839
0.226735
0.247231
0.236084
0.241897
0.192850
0.211386
0.188773
0.190818
0.225275
0.239667
0.227276
0.221240
0.250230
0.247096
0.244180
0.244320
0.238515
0.250043
0.199083
0.196039
0.193265
0.195973
0.230612
0.240775
0.177917
0.174652
0.257387
0.294711
0.292371
0.272899
0.268721
0.274027
0.278690
0.268188
========================18===============
0.287824
0.292213
0.269475
0.275927
0.269903
0.275390
0.289193
0.288295
0.280300
0.273076
0.271538
0.261947
0.293154
0.295027
0.286258
0.287532
0.212420
0.227149
0.274800
0.276626
0.257159
0.252837
0.183632
0.188415
0.184333
0.198897
0.212182
0.230514
0.217883
0.251563
0.225907
0.217911
0.285226
0.286640
0.285447
0.278532
0.285439
0.285005
0.279997
0.265347
0.277355
0.269789
0.220890
0.235224
0.268516
0.266986
0.260467
0.282802
0.256050
0.268306
0.270730
0.269305
0.242479
0.244086
0.263894
0.250529
0.230912
0.207518
0.224627
0.234498
0.297027
0.294836
0.292083
0.285788
0.315608
0.317007
0.301909
0.293874
0.303774
0.297768
0.284201
0.282112
0.282951
0.273405
0.294116
0.288264
0.223052
0.223679
0.214872
0.215663
0.265666
0.274591
0.294654
0.273987
0.284707
0.273592
0.226888
0.246502
0.235815
0.241676
0.192927
0.211184
0.188653
0.190845
0.225095
0.239553
0.227328
0.220747
0.250784
0.247188
0.244629
0.244418
0.238422
0.250012
0.198958
0.195824
0.193254
0.196028
0.232253
0.241342
0.176801
0.174672
0.257695
0.292519
0.292935
0.272829
0.268647
0.273909
0.280414
0.266067
========================19===============
0.287832
0.292608
0.269363
0.276058
0.269894
0.275716
0.289446
0.288845
0.280284
0.273203
0.271452
0.262194
0.293706
0.295392
0.286262
0.287798
0.211924
0.227061
0.274665
0.276524
0.256736
0.252876
0.183441
0.187693
0.184230
0.199475
0.212397
0.230148
0.216591
0.250949
0.225976
0.218052
0.285500
0.287700
0.285743
0.278823
0.285563
0.285352
0.280027
0.265331
0.277736
0.270192
0.220617
0.234964
0.267483
0.266833
0.260428
0.282633
0.256630
0.268361
0.271309
0.269162
0.242503
0.244085
0.264293
0.250636
0.230489
0.207244
0.224782
0.234772
0.297229
0.295386
0.292079
0.286391
0.315773
0.318027
0.302127
0.294346
0.303794
0.298802
0.284330
0.282361
0.282864
0.273203
0.293642
0.287984
0.223528
0.223967
0.215378
0.215348
0.265491
0.274061
0.294392
0.274185
0.284731
0.273611
0.226550
0.246583
0.236173
0.241933
0.192930
0.211099
0.188612
0.190965
0.225336
0.239831
0.227583
0.221294
0.250187
0.247584
0.244522
0.244369
0.238603
0.250205
0.199416
0.196133
0.193535
0.196522
0.231904
0.241654
0.177787
0.175284
0.257022
0.294691
0.292030
0.272982
0.268845
0.273355
0.283509
0.262498
========================20===============
0.288230
0.293000
0.270173
0.276738
0.270434
0.276132
0.289025
0.288419
0.280230
0.273070
0.271705
0.262113
0.292259
0.294917
0.286558
0.287879
0.215037
0.228710
0.275131
0.277081
0.256354
0.252972
0.183771
0.188123
0.184394
0.199626
0.212777
0.230680
0.217696
0.251507
0.226677
0.218641
0.285364
0.286818
0.285408
0.278711
0.285280
0.285163
0.280449
0.265776
0.278271
0.270796
0.220018
0.235049
0.269294
0.269322
0.260372
0.282605
0.255717
0.267704
0.271066
0.268995
0.241994
0.243642
0.264024
0.250400
0.231116
0.207025
0.224840
0.234652
0.297302
0.296113
0.292819
0.287432
0.316201
0.318277
0.301895
0.294334
0.303863
0.298725
0.284570
0.282729
0.283218
0.273625
0.294777
0.288966
0.223291
0.223823
0.215757
0.215555
0.265498
0.274933
0.293556
0.272840
0.284358
0.273634
0.226597
0.247442
0.236398
0.242300
0.192807
0.211318
0.188840
0.191212
0.225381
0.239592
0.227783
0.221463
0.250665
0.247423
0.245171
0.244398
0.238507
0.250005
0.199400
0.196358
0.193624
0.196427
0.230706
0.240753
0.177874
0.175055
0.257483
0.293545
0.292343
0.272739
0.268563
0.273105
0.284441
0.269951
========================21===============
0.287606
0.292822
0.268401
0.275253
0.269093
0.274811
0.288775
0.287862
0.279167
0.271366
0.269301
0.259505
0.293796
0.295353
0.286144
0.287663
0.213528
0.226212
0.274073
0.275436
0.251187
0.251194
0.183753
0.188533
0.183886
0.199696
0.206926
0.227538
0.217127
0.249754
0.219787
0.216809
0.284612
0.286908
0.284599
0.277527
0.285359
0.285014
0.280467
0.265348
0.276643
0.269409
0.218359
0.233030
0.264294
0.268843
0.260937
0.283086
0.255519
0.267404
0.271338
0.269326
0.241516
0.243076
0.263813
0.249817
0.231008
0.207583
0.224666
0.234621
0.297168
0.295682
0.291058
0.285344
0.315991
0.317960
0.302236
0.294301
0.304191
0.297963
0.284195
0.282613
0.282715
0.273549
0.291579
0.285166
0.223047
0.223692
0.214569
0.214146
0.264986
0.273646
0.294753
0.274409
0.284562
0.273616
0.224372
0.245619
0.236054
0.242107
0.191963
0.210683
0.188728
0.190970
0.225339
0.239506
0.227418
0.221428
0.250259
0.246587
0.244443
0.244117
0.238492
0.249851
0.199215
0.196270
0.193525
0.196360
0.230085
0.238772
0.177027
0.174905
0.257115
0.294486
0.292123
0.272878
0.268400
0.272513
0.280054
0.268629
========================22===============
0.288444
0.293196
0.270167
0.276616
0.270502
0.275677
0.289545
0.288298
0.280969
0.272925
0.272641
0.263440
0.294416
0.295862
0.286470
0.288215
0.215307
0.230396
0.276017
0.277632
0.258153
0.254284
0.184521
0.188727
0.184765
0.200552
0.215086
0.232189
0.218296
0.252865
0.228980
0.218901
0.285622
0.287645
0.286494
0.279135
0.285582
0.285187
0.280423
0.265607
0.278614
0.270636
0.220345
0.235250
0.268453
0.269480
0.261473
0.283384
0.256775
0.269128
0.271894
0.269663
0.242808
0.244283
0.264397
0.250886
0.230727
0.207717
0.225264
0.235169
0.297834
0.295707
0.292925
0.287422
0.315665
0.317786
0.302427
0.294101
0.304359
0.298306
0.285113
0.283260
0.283728
0.274228
0.295079
0.289407
0.223209
0.223926
0.215341
0.216206
0.265575
0.274847
0.294823
0.274781
0.285053
0.273880
0.227755
0.247639
0.236857
0.242542
0.193449
0.212230
0.189095
0.191373
0.225529
0.240098
0.227582
0.221017
0.251089
0.247572
0.244638
0.244658
0.238720
0.250437
0.199441
0.196133
0.193738
0.196701
0.232199
0.241834
0.176965
0.174882
0.256606
0.295877
0.292323
0.273141
0.269190
0.274041
0.281669
0.266936
========================23===============
0.287659
0.292358
0.269081
0.276202
0.269472
0.275388
0.288823
0.287915
0.279830
0.272951
0.271784
0.262727
0.292826
0.295672
0.286477
0.287909
0.213678
0.227989
0.274710
0.276865
0.257451
0.253171
0.184671
0.189444
0.184181
0.200391
0.214231
0.231868
0.218820
0.251422
0.228543
0.217690
0.284249
0.286233
0.285473
0.278311
0.284909
0.284898
0.279885
0.265665
0.277402
0.269496
0.220386
0.234653
0.267775
0.266663
0.260614
0.282650
0.256471
0.268370
0.271125
0.269291
0.242329
0.243730
0.264070
0.250088
0.231356
0.207674
0.225115
0.234710
0.296983
0.295525
0.292625
0.287019
0.315866
0.317633
0.302012
0.293997
0.304201
0.298091
0.285028
0.282925
0.283504
0.273987
0.294265
0.287959
0.222897
0.223788
0.214501
0.216382
0.265796
0.274833
0.293268
0.273835
0.284546
0.273477
0.226892
0.246308
0.236331
0.241676
0.193083
0.211473
0.188839
0.190549
0.225610
0.239260
0.227618
0.220342
0.250971
0.247593
0.244336
0.244440
0.238877
0.250335
0.199364
0.195879
0.193921
0.196430
0.233287
0.242267
0.176840
0.174427
0.257949
0.295560
0.292916
0.273251
0.268683
0.274210
0.283424
0.270744
========================24===============
0.287257
0.292173
0.268981
0.275866
0.269502
0.275001
0.288693
0.287713
0.279745
0.272252
0.271135
0.261508
0.294719
0.295509
0.286110
0.287532
0.212806
0.227772
0.274826
0.276780
0.256283
0.252746
0.183795
0.188716
0.184371
0.199276
0.211343
0.229306
0.217465
0.250821
0.224949
0.217475
0.285492
0.287587
0.285134
0.278422
0.285313
0.284932
0.280183
0.265570
0.276582
0.268853
0.219460
0.234294
0.267362
0.266309
0.260349
0.282535
0.255482
0.267783
0.270771
0.268804
0.241860
0.243381
0.263768
0.250215
0.230726
0.207506
0.224339
0.234170
0.296757
0.294848
0.291707
0.285569
0.315827
0.317338
0.302342
0.293602
0.303816
0.297305
0.284191
0.282023
0.282800
0.273011
0.294346
0.288074
0.222896
0.223714
0.214521
0.215714
0.265314
0.273707
0.294977
0.274406
0.284410
0.272996
0.225286
0.245708
0.235879
0.241551
0.192366
0.210541
0.188673
0.190569
0.224928
0.239140
0.227236
0.220450
0.249188
0.246994
0.244767
0.243915
0.238200
0.249797
0.198969
0.195402
0.193457
0.195972
0.231329
0.240938
0.177581
0.175100
0.256442
0.295113
0.292677
0.272695
0.268550
0.274453
0.283245
0.270344
========================25===============
0.287573
0.292040
0.269426
0.276071
0.269826
0.275121
0.288859
0.287879
0.280162
0.272511
0.271724
0.261872
0.293317
0.295137
0.286041
0.287546
0.213504
0.227571
0.275230
0.277327
0.257070
0.253397
0.184040
0.188620
0.184619
0.200166
0.213071
0.230027
0.218092
0.251220
0.226674
0.218055
0.285227
0.287750
0.285526
0.278514
0.285326
0.284687
0.280175
0.265231
0.277470
0.269533
0.218612
0.233704
0.266492
0.268655
0.260120
0.282489
0.255723
0.267939
0.270735
0.268683
0.242124
0.243541
0.264058
0.250206
0.230418
0.206404
0.224383
0.234327
0.296813
0.295066
0.291935
0.286147
0.315662
0.316718
0.302003
0.293698
0.304206
0.297614
0.284461
0.282127
0.282996
0.272990
0.294776
0.288238
0.223181
0.224043
0.214953
0.214992
0.265029
0.273292
0.294913
0.274567
0.285207
0.273320
0.226181
0.246906
0.236443
0.241543
0.192654
0.210949
0.188826
0.190691
0.225367
0.239388
0.227554
0.220538
0.250176
0.246353
0.244389
0.243848
0.238636
0.250279
0.199256
0.195728
0.193817
0.196627
0.232111
0.240986
0.177322
0.174682
0.256821
0.294851
0.292543
0.272949
0.268691
0.273803
0.280777
0.265867
========================26===============
0.287687
0.292360
0.269667
0.275945
0.270004
0.275042
0.289002
0.287911
0.280433
0.272353
0.271839
0.262654
0.294099
0.295565
0.285981
0.287559
0.212946
0.228588
0.275377
0.276899
0.257517
0.253530
0.183816
0.188434
0.184527
0.199781
0.212320
0.230124
0.217376
0.251357
0.226415
0.217966
0.285867
0.287710
0.285976
0.278640
0.285272
0.284843
0.280439
0.265095
0.278074
0.270334
0.220222
0.234728
0.267930
0.267796
0.260672
0.282890
0.256389
0.268311
0.271668
0.269148
0.242476
0.243756
0.264423
0.250507
0.230133
0.206905
0.224865
0.234644
0.296954
0.295123
0.292200
0.286102
0.315592
0.316661
0.302128
0.293574
0.304543
0.297535
0.285041
0.282530
0.282925
0.273418
0.294329
0.288510
0.223544
0.224028
0.215447
0.215093
0.265444
0.274358
0.295292
0.274689
0.285459
0.273567
0.227024
0.246830
0.236599
0.241922
0.192923
0.211285
0.188801
0.190835
0.225469
0.239714
0.227395
0.221061
0.250341
0.247329
0.245129
0.244358
0.238678
0.250394
0.199344
0.196105
0.193536
0.196651
0.231868
0.240815
0.176765
0.174967
0.256745
0.294620
0.292973
0.272887
0.268825
0.273134
0.280342
0.267933
========================27===============
0.287895
0.292758
0.269693
0.276301
0.270068
0.275612
0.289637
0.288185
0.280330
0.272674
0.271553
0.261897
0.293730
0.295193
0.286624
0.288080
0.213228
0.227819
0.275220
0.276853
0.257069
0.253177
0.183853
0.188426
0.184615
0.200158
0.213136
0.230303
0.217500
0.250658
0.226968
0.217423
0.285393
0.286752
0.286018
0.278962
0.285655
0.285565
0.280445
0.265413
0.277541
0.269689
0.219385
0.233860
0.264679
0.265499
0.260688
0.282864
0.256431
0.268245
0.271400
0.269026
0.242445
0.243767
0.264232
0.250296
0.230571
0.206908
0.224712
0.234635
0.297245
0.295648
0.292681
0.286656
0.316177
0.317475
0.302613
0.294188
0.304524
0.298293
0.284961
0.282901
0.283195
0.273360
0.294954
0.288769
0.223358
0.223927
0.215437
0.215334
0.265494
0.274514
0.294117
0.273602
0.284701
0.273245
0.226310
0.246021
0.236533
0.241650
0.192896
0.211142
0.188891
0.190794
0.225516
0.239351
0.227687
0.220651
0.250099
0.246217
0.244513
0.244100
0.238867
0.250393
0.199415
0.195887
0.193812
0.196633
0.231840
0.240434
0.177510
0.175261
0.257924
0.294157
0.292589
0.273000
0.269150
0.273944
0.281917
0.268561
========================28===============
0.287850
0.292596
0.269605
0.276189
0.269960
0.275587
0.289057
0.287656
0.280036
0.272450
0.271706
0.261714
0.292113
0.294505
0.286291
0.287746
0.214356
0.228778
0.274609
0.276510
0.256910
0.253198
0.183843
0.188504
0.184488
0.199914
0.213735
0.230840
0.217315
0.251266
0.227450
0.217610
0.285330
0.287017
0.285373
0.278498
0.285331
0.285121
0.280311
0.265623
0.278085
0.269968
0.219255
0.234496
0.268122
0.269594
0.260348
0.282664
0.255856
0.267954
0.271179
0.268925
0.242040
0.243629
0.263916
0.249951
0.230738
0.206823
0.224864
0.234407
0.297004
0.295627
0.292629
0.286824
0.315884
0.317518
0.301988
0.294027
0.304098
0.298271
0.284738
0.282671
0.282884
0.273315
0.294661
0.288320
0.223266
0.223627
0.215256
0.215388
0.265244
0.274475
0.293600
0.272994
0.284812
0.273296
0.226744
0.247259
0.236500
0.241731
0.192891
0.211197
0.188891
0.190888
0.225418
0.239420
0.227567
0.221030
0.250125
0.246721
0.245037
0.244131
0.238795
0.250200
0.199269
0.195981
0.193679
0.196490
0.231827
0.240710
0.177792
0.175219
0.257273
0.294658
0.291983
0.273170
0.268945
0.273341
0.283294
0.269183
========================29===============
0.287768
0.292533
0.269566
0.276334
0.269765
0.275369
0.289072
0.287912
0.280001
0.272749
0.271623
0.261696
0.293958
0.295203
0.286163
0.287706
0.213164
0.228720
0.275186
0.277022
0.256751
0.253143
0.183859
0.188273
0.184343
0.200137
0.212787
0.229907
0.217152
0.250900
0.226809
0.217115
0.284990
0.287350
0.285944
0.278629
0.285143
0.284796
0.280422
0.265486
0.277995
0.269921
0.220163
0.234438
0.267075
0.268698
0.260528
0.282892
0.256080
0.268227
0.271532
0.269175
0.242494
0.243922
0.264335
0.250284
0.230395
0.206401
0.224737
0.234339
0.296971
0.295429
0.291981
0.286493
0.315354
0.317074
0.302067
0.294102
0.304140
0.297964
0.284468
0.282569
0.283051
0.273344
0.294651
0.288420
0.223223
0.223970
0.215342
0.214946
0.265370
0.273858
0.295422
0.274426
0.285117
0.273340
0.226472
0.246707
0.236609
0.241679
0.192738
0.211170
0.188957
0.190781
0.225328
0.239225
0.227501
0.220547
0.250133
0.246622
0.244822
0.244237
0.238665
0.250179
0.199221
0.195833
0.193769
0.196377
0.231777
0.239863
0.176945
0.174842
0.257214
0.296249
0.292038
0.273026
0.268580
0.273139
0.277947
0.267548
========================30===============
0.287548
0.292297
0.269444
0.275879
0.269623
0.274985
0.289231
0.287547
0.280263
0.272425
0.272193
0.262258
0.293847
0.295778
0.286058
0.287405
0.212711
0.228668
0.275228
0.276719
0.257045
0.253078
0.183800
0.188338
0.184416
0.199873
0.213049
0.230384
0.217555
0.252028
0.226994
0.218131
0.285514
0.287295
0.286154
0.279100
0.285202
0.284832
0.280119
0.265611
0.277737
0.270149
0.220114
0.234627
0.268170
0.268018
0.260642
0.283109
0.256717
0.268761
0.271358
0.269241
0.242473
0.243869
0.264169
0.250204
0.230006
0.206605
0.224739
0.234588
0.296906
0.295179
0.291809
0.286091
0.315256
0.316936
0.302076
0.293625
0.304557
0.298224
0.284473
0.282468
0.282646
0.273092
0.294409
0.288271
0.223268
0.223635
0.215299
0.215230
0.265213
0.273932
0.295097
0.274552
0.285061
0.273544
0.226706
0.246610
0.236421
0.241689
0.193143
0.211527
0.188866
0.190890
0.225226
0.239499
0.227416
0.220930
0.250156
0.247979
0.245194
0.244328
0.238554
0.250185
0.199397
0.196049
0.193866
0.196689
0.233382
0.242379
0.176549
0.174994
0.257163
0.295052
0.293135
0.272778
0.268856
0.273751
0.283565
0.272379
========================31===============
0.287695
0.291962
0.269895
0.276145
0.269864
0.275270
0.288963
0.287483
0.280347
0.272805
0.272506
0.261864
0.292819
0.294792
0.286205
0.287557
0.213577
0.228735
0.275523
0.277052
0.256864
0.252856
0.184133
0.188577
0.184642
0.199839
0.213722
0.230233
0.217832
0.251018
0.227662
0.218418
0.284746
0.286419
0.285430
0.278752
0.285121
0.284988
0.280310
0.266266
0.277508
0.269642
0.219414
0.234220
0.264371
0.267101
0.260592
0.282574
0.255849
0.267637
0.271158
0.268618
0.241903
0.243292
0.263816
0.249818
0.230854
0.206335
0.224806
0.234454
0.296854
0.295187
0.292168
0.285973
0.315880
0.317345
0.301553
0.293814
0.305015
0.298279
0.284398
0.282097
0.283112
0.272741
0.294829
0.288696
0.223192
0.224027
0.215271
0.215381
0.265311
0.274273
0.293763
0.273092
0.284033
0.273082
0.226245
0.246531
0.236605
0.241562
0.192924
0.211119
0.189031
0.190910
0.225371
0.239402
0.227671
0.220712
0.250257
0.246991
0.244595
0.244181
0.238614
0.250336
0.199112
0.195576
0.193773
0.196299
0.231219
0.239684
0.177377
0.175077
0.257426
0.294365
0.292345
0.273181
0.269005
0.273436
0.282494
0.267668
========================32===============
0.287524
0.292031
0.269815
0.276364
0.269905
0.275471
0.288834
0.287819
0.280382
0.272844
0.272186
0.261939
0.293727
0.295334
0.286130
0.287405
0.213883
0.228031
0.275586
0.277339
0.256683
0.252826
0.183885
0.188380
0.184288
0.199690
0.212541
0.229845
0.217386
0.251061
0.226514
0.218380
0.284862
0.287143
0.285583
0.278569
0.285193
0.284674
0.280461
0.265803
0.277794
0.269802
0.219405
0.233915
0.265495
0.268617
0.260530
0.282801
0.256075
0.267754
0.271165
0.269061
0.242205
0.243489
0.264205
0.250304
0.230805
0.206818
0.224784
0.234479
0.296750
0.295031
0.291423
0.285425
0.315634
0.317056
0.301688
0.293735
0.305075
0.298366
0.284122
0.282065
0.282885
0.272941
0.294757
0.288634
0.223273
0.224053
0.215348
0.215209
0.265655
0.273676
0.294811
0.274395
0.284907
0.273429
0.226316
0.246958
0.236668
0.241792
0.192909
0.211059
0.188942
0.190798
0.225348
0.239744
0.227503
0.220924
0.250588
0.246712
0.244139
0.244303
0.238477
0.250157
0.199094
0.195775
0.193477
0.196199
0.231198
0.239855
0.177709
0.174686
0.257234
0.295394
0.292120
0.272968
0.268846
0.273568
0.279557
0.266661
========================33===============
0.287506
0.291899
0.269695
0.276245
0.269743
0.275287
0.288723
0.287554
0.280322
0.272868
0.272286
0.262384
0.292809
0.295048
0.286019
0.287260
0.211784
0.228205
0.275614
0.277538
0.257139
0.253044
0.183985
0.188494
0.184497
0.199917
0.213041
0.230075
0.217671
0.251493
0.227111
0.218717
0.284724
0.286567
0.285476
0.278792
0.285146
0.284740
0.280230
0.265566
0.277695
0.269757
0.220018
0.234566
0.267885
0.268227
0.260536
0.282871
0.256156
0.268169
0.271485
0.269198
0.242440
0.243678
0.264212
0.250281
0.230912
0.206780
0.224852
0.234426
0.296833
0.294732
0.291472
0.285534
0.315428
0.317306
0.301729
0.293724
0.304936
0.298395
0.284193
0.282048
0.282743
0.273016
0.294517
0.288261
0.223337
0.223994
0.215274
0.215291
0.265553
0.274185
0.295019
0.274597
0.285362
0.273739
0.226755
0.246631
0.236797
0.241786
0.192868
0.211059
0.188859
0.190761
0.225519
0.239507
0.227534
0.220514
0.250274
0.246996
0.244782
0.244064
0.238724
0.250277
0.199190
0.195721
0.193498
0.196148
0.232169
0.241193
0.176694
0.174633
0.256914
0.294225
0.293284
0.273166
0.269169
0.273952
0.281165
0.270119
========================34===============
0.287588
0.292147
0.269732
0.276274
0.270022
0.275635
0.289310
0.288170
0.280721
0.273340
0.272379
0.262285
0.293675
0.295387
0.286153
0.287624
0.212584
0.227586
0.275453
0.277520
0.256918
0.252925
0.183946
0.188869
0.184655
0.199617
0.213096
0.230082
0.218234
0.251578
0.226928
0.219176
0.285497
0.287570
0.285237
0.278628
0.285295
0.285037
0.280375
0.265858
0.277503
0.269502
0.220185
0.234985
0.267999
0.267144
0.260664
0.282897
0.256196
0.268425
0.271200
0.269087
0.242459
0.243864
0.264317
0.250471
0.231472
0.207597
0.225111
0.234763
0.296854
0.295013
0.292179
0.286078
0.316229
0.317664
0.302139
0.294074
0.305136
0.298864
0.284565
0.282590
0.283030
0.273297
0.294602
0.288035
0.223113
0.223907
0.214902
0.215340
0.265647
0.273867
0.294879
0.274458
0.285274
0.273896
0.226354
0.246618
0.236350
0.241715
0.192984
0.211443
0.188886
0.190708
0.225765
0.239492
0.227907
0.221001
0.249953
0.247698
0.245136
0.244334
0.238900
0.250435
0.199356
0.195960
0.193916
0.196421
0.231588
0.240534
0.177664
0.174921
0.256900
0.295980
0.293002
0.273382
0.269029
0.274482
0.284218
0.270017
========================35===============
0.287779
0.292295
0.269919
0.276585
0.270322
0.275917
0.289531
0.288258
0.280653
0.272995
0.272120
0.262134
0.294476
0.295244
0.286641
0.287697
0.214472
0.229170
0.275665
0.277429
0.257299
0.253345
0.184068
0.189160
0.184528
0.199648
0.212589
0.230578
0.218884
0.251417
0.227074
0.218393
0.285730
0.287633
0.285846
0.278526
0.285370
0.284897
0.280266
0.266035
0.278160
0.269886
0.219946
0.234591
0.267668
0.269033
0.260551
0.282977
0.255506
0.268076
0.271301
0.269320
0.242242
0.243765
0.264106
0.250368
0.231590
0.207668
0.225076
0.234511
0.297221
0.295041
0.292781
0.286563
0.316401
0.317557
0.302381
0.293804
0.304348
0.298276
0.284799
0.282715
0.283266
0.273595
0.295675
0.289042
0.222891
0.224056
0.214436
0.216073
0.266298
0.274712
0.294960
0.273990
0.285404
0.273923
0.227043
0.247059
0.236505
0.241857
0.192956
0.211188
0.189062
0.190729
0.225557
0.239531
0.227665
0.220893
0.250672
0.246405
0.244888
0.244236
0.238700
0.250167
0.199063
0.195736
0.193673
0.196335
0.231745
0.240713
0.177792
0.174981
0.256742
0.295235
0.293008
0.273115
0.268981
0.273643
0.281067
0.266717
========================36===============
0.287588
0.292326
0.269538
0.276304
0.270054
0.275743
0.289468
0.288330
0.280604
0.273255
0.271960
0.262633
0.294194
0.295718
0.286108
0.287701
0.212138
0.227875
0.275517
0.277601
0.257023
0.253205
0.183903
0.188553
0.184349
0.199786
0.212326
0.230053
0.217713
0.251276
0.225981
0.217989
0.285599
0.287781
0.285919
0.278600
0.285213
0.284888
0.280201
0.265660
0.277839
0.270009
0.219915
0.234730
0.268439
0.268545
0.260750
0.283035
0.256263
0.268478
0.271618
0.269467
0.242460
0.243947
0.264409
0.250550
0.231133
0.207598
0.224711
0.234530
0.297016
0.294929
0.291887
0.285743
0.315862
0.317106
0.301875
0.293766
0.304108
0.298085
0.284473
0.282417
0.282993
0.273356
0.294763
0.288364
0.223290
0.224159
0.215141
0.215409
0.265592
0.273892
0.295640
0.274834
0.285672
0.273937
0.226932
0.246436
0.236492
0.241767
0.192712
0.210915
0.188850
0.190647
0.225458
0.239518
0.227606
0.220617
0.250733
0.247367
0.244970
0.244451
0.238659
0.250403
0.199222
0.195679
0.193350
0.196360
0.232512
0.240842
0.176659
0.175062
0.257562
0.295569
0.293383
0.273406
0.269005
0.273989
0.279722
0.265521
========================37===============
0.287583
0.292469
0.269461
0.276275
0.269932
0.275790
0.289670
0.288711
0.280524
0.273436
0.271872
0.262294
0.293219
0.295520
0.285962
0.287630
0.212276
0.227847
0.275223
0.277409
0.256884
0.253065
0.183770
0.188592
0.184285
0.200073
0.212602
0.229982
0.217142
0.250611
0.226364
0.218162
0.284975
0.286601
0.285747
0.278832
0.285444
0.285211
0.280472
0.265809
0.277668
0.269581
0.219605
0.234183
0.263988
0.265728
0.260727
0.283095
0.256822
0.269030
0.271575
0.269487
0.242888
0.244120
0.264562
0.250708
0.231190
0.207192
0.224842
0.234689
0.297055
0.295010
0.291916
0.285842
0.315478
0.317341
0.302142
0.294114
0.303898
0.298254
0.284400
0.282387
0.282613
0.273134
0.294682
0.288576
0.223484
0.224157
0.215459
0.215258
0.265524
0.273948
0.293644
0.273674
0.284970
0.273873
0.226330
0.246314
0.236499
0.241759
0.192911
0.210956
0.188949
0.190651
0.225532
0.239502
0.227772
0.220955
0.250228
0.246868
0.244393
0.244377
0.238813
0.250544
0.199328
0.196137
0.193728
0.196796
0.232386
0.241072
0.177065
0.175373
0.257658
0.294610
0.293289
0.273251
0.269231
0.273532
0.280843
0.266953
========================38===============
0.288125
0.292774
0.269798
0.276514
0.270157
0.276166
0.289734
0.288595
0.280508
0.273294
0.271985
0.262328
0.292255
0.294850
0.286441
0.287972
0.214707
0.228572
0.275052
0.277048
0.256788
0.253180
0.183872
0.188508
0.184496
0.200035
0.213713
0.230870
0.217631
0.251847
0.227539
0.218142
0.285394
0.287161
0.285668
0.278910
0.285529
0.285450
0.280504
0.265783
0.278906
0.270777
0.220573
0.235623
0.268661
0.268995
0.260572
0.282888
0.256324
0.268674
0.271521
0.269386
0.242748
0.244138
0.264374
0.250531
0.230731
0.206820
0.225286
0.235008
0.297445
0.295803
0.292684
0.287188
0.315937
0.317788
0.302279
0.294453
0.303979
0.298459
0.284970
0.282973
0.283443
0.273474
0.294846
0.288123
0.223338
0.224129
0.215294
0.215457
0.266051
0.274502
0.293940
0.272161
0.285255
0.273656
0.227801
0.248173
0.236797
0.242091
0.193369
0.211499
0.189110
0.191006
0.225672
0.239649
0.227726
0.221006
0.251473
0.248110
0.245498
0.244866
0.238890
0.250695
0.199290
0.195966
0.193806
0.196530
0.231742
0.240727
0.178025
0.175526
0.257836
0.294912
0.292773
0.273124
0.269295
0.273613
0.284708
0.269336
========================39===============
0.288001
0.292570
0.270304
0.277106
0.270348
0.276236
0.289467
0.288088
0.280593
0.273569
0.272326
0.262827
0.294402
0.295516
0.286864
0.288069
0.214050
0.229775
0.275939
0.278060
0.257583
0.253325
0.183846
0.188421
0.184434
0.199745
0.213749
0.230920
0.217442
0.251688
0.227595
0.218117
0.285236
0.287361
0.286073
0.279159
0.285271
0.285298
0.280700
0.266081
0.278758
0.270728
0.221280
0.235635
0.267867
0.268587
0.261202
0.283288
0.256427
0.268590
0.272027
0.269801
0.242841
0.244198
0.264715
0.250883
0.231843
0.207725
0.225290
0.234994
0.297390
0.295784
0.292509
0.286964
0.316004
0.317610
0.302125
0.294116
0.304686
0.298624
0.284938
0.283129
0.283631
0.273977
0.294826
0.288416
0.223255
0.223964
0.215728
0.215840
0.266617
0.275211
0.295288
0.273676
0.285529
0.273979
0.227769
0.247796
0.236884
0.242128
0.193226
0.211470
0.189065
0.190910
0.225724
0.239805
0.227906
0.221117
0.251847
0.247519
0.244789
0.244706
0.238863
0.250483
0.199436
0.195899
0.193720
0.196318
0.231269
0.239734
0.176845
0.174993
0.258303
0.294925
0.291554
0.273440
0.269093
0.273486
0.278387
0.266721
========================40===============
0.287832
0.292857
0.270032
0.276758
0.270118
0.275772
0.289988
0.288524
0.280712
0.273185
0.272277
0.262161
0.294312
0.295923
0.286731
0.288127
0.211630
0.228054
0.276383
0.277990
0.257699
0.253327
0.183928
0.188550
0.184352
0.199594
0.212465
0.229614
0.217413
0.251156
0.226186
0.217093
0.285403
0.287199
0.286108
0.278959
0.285528
0.284987
0.280717
0.265688
0.278172
0.270103
0.220208
0.234902
0.269259
0.268207
0.261091
0.283379
0.256686
0.269006
0.271485
0.269656
0.242982
0.244729
0.264989
0.251634
0.231562
0.208779
0.224985
0.234852
0.297213
0.295603
0.291859
0.286199
0.315424
0.316491
0.302393
0.293991
0.304700
0.297764
0.284574
0.282701
0.283227
0.273799
0.295184
0.288529
0.223237
0.223997
0.214951
0.215522
0.265740
0.274202
0.295327
0.274610
0.285360
0.273823
0.226670
0.246532
0.236707
0.242280
0.192851
0.210823
0.188934
0.190907
0.225306
0.239944
0.227521
0.221142
0.250806
0.247463
0.245192
0.244400
0.238705
0.250336
0.199399
0.196032
0.193769
0.196337
0.232733
0.242086
0.176704
0.175005
0.256784
0.294147
0.293455
0.273131
0.268765
0.274370
0.285420
0.272623
========================41===============
0.288007
0.292808
0.269994
0.276290
0.270095
0.275517
0.289780
0.288096
0.280278
0.272684
0.272067
0.262139
0.293596
0.295480
0.286826
0.288145
0.214011
0.229328
0.275735
0.277015
0.257372
0.253289
0.183932
0.188329
0.184409
0.199936
0.213824
0.230393
0.217503
0.250896
0.227898
0.217229
0.285169
0.286707
0.286195
0.279175
0.285740
0.285357
0.280468
0.265597
0.278503
0.270387
0.220917
0.235375
0.265261
0.265325
0.260739
0.282694
0.256515
0.268664
0.271499
0.268912
0.242555
0.243905
0.264425
0.250601
0.230627
0.207141
0.225161
0.234883
0.297545
0.295874
0.292688
0.286907
0.315810
0.316812
0.302456
0.294119
0.304458
0.298038
0.284950
0.282815
0.283337
0.273288
0.294907
0.288298
0.223209
0.224132
0.215589
0.215737
0.265866
0.274368
0.294085
0.273020
0.284683
0.273713
0.227325
0.246923
0.236908
0.242132
0.193522
0.211525
0.189065
0.191016
0.225565
0.239735
0.227761
0.221161
0.250306
0.247116
0.244611
0.244752
0.238796
0.250537
0.199565
0.196099
0.193868
0.196668
0.232564
0.240184
0.177293
0.175544
0.258198
0.297429
0.292149
0.273013
0.268873
0.273449
0.281331
0.265134
========================42===============
0.287552
0.292214
0.269782
0.276423
0.269895
0.275782
0.289251
0.288466
0.280207
0.273290
0.271839
0.262302
0.293874
0.295033
0.286558
0.287982
0.214690
0.228896
0.275075
0.277199
0.256787
0.252900
0.183652
0.188483
0.184567
0.199643
0.213327
0.230292
0.217495
0.251341
0.226953
0.217329
0.285586
0.287993
0.285690
0.278915
0.285059
0.285194
0.280064
0.266313
0.278631
0.269975
0.220563
0.235290
0.269166
0.269894
0.260683
0.282830
0.256351
0.268448
0.271409
0.269368
0.242633
0.244037
0.264451
0.250817
0.231524
0.207729
0.225218
0.234864
0.297007
0.295380
0.291971
0.286057
0.315316
0.317009
0.301705
0.293970
0.303612
0.297814
0.284205
0.282356
0.283091
0.273384
0.294481
0.287751
0.223224
0.223915
0.215473
0.215869
0.265855
0.274423
0.295484
0.273456
0.285434
0.273670
0.227612
0.247585
0.236583
0.241797
0.193219
0.211268
0.188977
0.190952
0.225630
0.239679
0.227656
0.221167
0.250455
0.247192
0.244703
0.244445
0.238808
0.250390
0.199356
0.195956
0.193753
0.196199
0.232469
0.241178
0.177940
0.174842
0.258289
0.293927
0.292095
0.273299
0.268789
0.274070
0.281088
0.270774
========================43===============
0.287302
0.291894
0.269808
0.276479
0.270172
0.275878
0.289403
0.288139
0.280344
0.272917
0.271954
0.261971
0.292778
0.294497
0.286182
0.287332
0.212027
0.227403
0.275260
0.277516
0.256560
0.252823
0.183458
0.188470
0.184284
0.199178
0.212345
0.229751
0.217706
0.251245
0.226026
0.217556
0.284938
0.286659
0.285616
0.278943
0.285134
0.284956
0.280098
0.265648
0.278416
0.269726
0.221352
0.235670
0.267862
0.267817
0.260727
0.283274
0.256499
0.268768
0.271339
0.269395
0.242942
0.244210
0.264638
0.251003
0.231657
0.207738
0.225257
0.234466
0.296880
0.294652
0.291530
0.285641
0.315389
0.317204
0.301706
0.293584
0.303940
0.297735
0.283881
0.281924
0.282667
0.273146
0.293770
0.287458
0.223095
0.223857
0.214958
0.215367
0.265597
0.273932
0.294729
0.273083
0.285329
0.273400
0.227055
0.246427
0.236249
0.241672
0.193044
0.211235
0.189061
0.190666
0.225342
0.239262
0.227544
0.220741
0.251911
0.247476
0.245110
0.244641
0.238758
0.250168
0.199202
0.195740
0.193449
0.195988
0.231702
0.241057
0.177057
0.174718
0.258235
0.293969
0.293185
0.273223
0.268689
0.273404
0.279939
0.269347
========================44===============
0.287454
0.291970
0.269608
0.276216
0.270093
0.275472
0.289751
0.288129
0.280571
0.272816
0.272051
0.262118
0.294150
0.295386
0.286219
0.287476
0.212722
0.227977
0.275533
0.277440
0.256809
0.253095
0.183479
0.188680
0.184162
0.199032
0.212324
0.230218
0.218152
0.252125
0.226369
0.217808
0.285821
0.287759
0.286026
0.279177
0.285366
0.285031
0.279969
0.265551
0.278223
0.269699
0.221538
0.235858
0.270740
0.267706
0.260434
0.283019
0.256699
0.268971
0.270707
0.269145
0.243020
0.244262
0.264511
0.250931
0.231301
0.207438
0.225041
0.234593
0.297025
0.294727
0.291905
0.286331
0.315425
0.316709
0.302017
0.293613
0.304131
0.297772
0.284291
0.282132
0.282742
0.273030
0.294874
0.288207
0.222900
0.223869
0.214741
0.215353
0.265783
0.274034
0.294760
0.273513
0.284881
0.273148
0.226852
0.246166
0.236250
0.241603
0.193259
0.211127
0.188937
0.190683
0.225266
0.239382
0.227533
0.220881
0.251324
0.247985
0.245232
0.244371
0.238500
0.250114
0.199211
0.195870
0.193751
0.196129
0.232486
0.241622
0.178012
0.174735
0.258450
0.296529
0.292875
0.272987
0.268572
0.273571
0.282628
0.263808
========================45===============
0.287774
0.292030
0.271085
0.277619
0.271453
0.276532
0.289354
0.287635
0.280911
0.273141
0.272398
0.261553
0.292801
0.294313
0.286363
0.287558
0.214028
0.227961
0.276513
0.278633
0.257111
0.253680
0.183438
0.188568
0.183899
0.198496
0.212100
0.230178
0.218101
0.251035
0.225495
0.217626
0.284753
0.286073
0.285446
0.278397
0.285503
0.284832
0.280553
0.265932
0.279339
0.270606
0.221067
0.235684
0.268279
0.269570
0.261481
0.283584
0.256781
0.269475
0.271685
0.270035
0.243548
0.244789
0.265259
0.251923
0.231912
0.208173
0.225347
0.234872
0.296959
0.294709
0.292825
0.286930
0.316060
0.316527
0.301851
0.293266
0.304503
0.298192
0.285112
0.282924
0.283076
0.273203
0.295563
0.288822
0.223066
0.223988
0.214554
0.215609
0.266166
0.274462
0.293453
0.272474
0.284398
0.273317
0.226540
0.246741
0.236617
0.242159
0.193143
0.210829
0.189103
0.190936
0.225443
0.239821
0.227732
0.221487
0.250488
0.247022
0.244771
0.244463
0.238716
0.250161
0.199142
0.195984
0.193672
0.196198
0.230697
0.240698
0.177856
0.175092
0.257633
0.294825
0.293199
0.273461
0.268750
0.273721
0.283160
0.266117
========================46===============
0.287813
0.292267
0.270842
0.277309
0.271161
0.276575
0.289546
0.287774
0.281173
0.273165
0.272443
0.261592
0.293785
0.294164
0.286165
0.287604
0.213767
0.228649
0.275939
0.278270
0.257018
0.253471
0.183739
0.188505
0.184170
0.199301
0.212100
0.229725
0.217975
0.251391
0.226058
0.217873
0.285637
0.287515
0.285244
0.277991
0.285165
0.284508
0.279961
0.265737
0.278971
0.270509
0.221322
0.235682
0.270403
0.270131
0.261982
0.283756
0.257521
0.270089
0.272169
0.270170
0.243776
0.245011
0.265569
0.252418
0.232034
0.208521
0.225206
0.234912
0.296878
0.294839
0.293152
0.286728
0.316287
0.316315
0.301518
0.293353
0.304815
0.298084
0.285490
0.283485
0.282952
0.273234
0.294667
0.288053
0.223241
0.224066
0.214833
0.215593
0.265995
0.274354
0.294844
0.273640
0.285188
0.273356
0.227192
0.247054
0.236577
0.242331
0.192943
0.210926
0.188958
0.190901
0.225524
0.239980
0.227730
0.221168
0.251433
0.247703
0.245496
0.244368
0.238734
0.250471
0.199352
0.195946
0.193675
0.196349
0.231628
0.240588
0.177252
0.175092
0.258088
0.294681
0.292583
0.273393
0.268904
0.274415
0.280019
0.263742
========================47===============
0.287595
0.292017
0.270796
0.277161
0.271177
0.276330
0.289719
0.287746
0.281111
0.273011
0.272453
0.262309
0.293581
0.295027
0.286341
0.287702
0.213110
0.228506
0.275921
0.278081
0.257659
0.253735
0.183663
0.188044
0.184261
0.199254
0.212796
0.230385
0.217413
0.251352
0.227389
0.218236
0.285765
0.287506
0.285898
0.278951
0.285427
0.285054
0.280251
0.265496
0.279058
0.270684
0.221240
0.235244
0.268131
0.268032
0.261689
0.283331
0.257604
0.269781
0.272225
0.270018
0.243833
0.244866
0.265599
0.251843
0.231450
0.208312
0.225311
0.235053
0.296961
0.294947
0.293159
0.286728
0.316222
0.316202
0.302175
0.293800
0.304920
0.298351
0.285968
0.283747
0.282847
0.273826
0.294416
0.288055
0.223376
0.224211
0.215459
0.215283
0.265802
0.274139
0.294926
0.274177
0.285311
0.273486
0.227391
0.246620
0.237003
0.242371
0.193291
0.211312
0.189059
0.190999
0.225756
0.240157
0.227802
0.221422
0.251113
0.247749
0.244989
0.244633
0.238802
0.250785
0.199588
0.196341
0.193897
0.196770
0.232396
0.241427
0.176602
0.175201
0.257565
0.294265
0.293267
0.273105
0.269249
0.273606
0.280850
0.266730
========================48===============
0.287634
0.292339
0.270469
0.277243
0.270437
0.276433
0.289924
0.287844
0.280618
0.273026
0.271969
0.262261
0.293928
0.294904
0.286647
0.288215
0.213192
0.228211
0.276287
0.278411
0.256963
0.253625
0.183745
0.188380
0.184320
0.199504
0.212961
0.230227
0.217133
0.251356
0.226737
0.218139
0.285657
0.287128
0.286074
0.279235
0.285299
0.285181
0.280532
0.265735
0.278143
0.270142
0.220178
0.234560
0.267614
0.266546
0.261601
0.283415
0.256957
0.269026
0.271746
0.269541
0.243071
0.244122
0.265085
0.251058
0.231697
0.208478
0.224821
0.234778
0.297359
0.295421
0.292749
0.286328
0.316122
0.316863
0.302204
0.293693
0.304542
0.298404
0.285463
0.283307
0.283719
0.273900
0.294986
0.288622
0.223352
0.224047
0.215579
0.215241
0.265731
0.274447
0.294964
0.273623
0.285080
0.273890
0.226640
0.246465
0.236827
0.242303
0.192595
0.210831
0.188962
0.191069
0.225579
0.239644
0.228054
0.221570
0.249503
0.247098
0.245004
0.244428
0.238771
0.250613
0.199576
0.196259
0.193866
0.196549
0.231451
0.239842
0.177464
0.175266
0.257143
0.293537
0.293272
0.273672
0.269304
0.273368
0.284075
0.270275
========================49===============
0.287892
0.292676
0.270097
0.277408
0.270356
0.276738
0.289961
0.288288
0.280636
0.273535
0.272229
0.262379
0.294138
0.294837
0.286787
0.287992
0.212933
0.227640
0.275669
0.278054
0.256860
0.253554
0.183548
0.188759
0.184326
0.199499
0.212868
0.230547
0.218236
0.251498
0.226511
0.217469
0.285804
0.287839
0.285578
0.278798
0.285137
0.285019
0.280503
0.266098
0.278252
0.269861
0.220889
0.235745
0.269382
0.266855
0.261291
0.283276
0.256856
0.269098
0.271837
0.269698
0.243292
0.244266
0.264961
0.251118
0.232595
0.208281
0.225632
0.234991
0.297520
0.295135
0.292048
0.286235
0.315510
0.316853
0.302094
0.293786
0.303879
0.298176
0.284793
0.282939
0.283722
0.273850
0.294856
0.288027
0.223258
0.224185
0.215152
0.215406
0.265875
0.274637
0.295289
0.273423
0.285439
0.273889
0.226684
0.246763
0.236594
0.241967
0.192822
0.211219
0.189111
0.190867
0.225612
0.239459
0.227903
0.221036
0.250143
0.247466
0.245320
0.244813
0.239022
0.250516
0.199526
0.196080
0.193828
0.196394
0.232098
0.241192
0.177280
0.174499
0.258130
0.295696
0.293632
0.273927
0.269395
0.273487
0.284195
0.269367
========================50===============
0.287886
0.292641
0.270152
0.277496
0.270671
0.276804
0.289996
0.288141
0.280677
0.273219
0.272074
0.261479
0.295130
0.295176
0.286807
0.288101
0.212868
0.228247
0.275889
0.278361
0.256946
0.253454
0.183746
0.189153
0.184388
0.199485
0.211722
0.230057
0.218007
0.250624
0.225974
0.216767
0.285180
0.287151
0.285806
0.278535
0.285605
0.285251
0.280623
0.265873
0.278234
0.269560
0.219775
0.234799
0.266642
0.267505
0.261065
0.283083
0.256253
0.268830
0.271588
0.269500
0.243197
0.244216
0.265070
0.250796
0.231851
0.208056
0.225155
0.234572
0.297614
0.295091
0.292317
0.286340
0.316142
0.316829
0.302059
0.293687
0.304225
0.297499
0.284919
0.282876
0.283648
0.273747
0.295933
0.289003
0.222983
0.224117
0.214601
0.215842
0.266330
0.274643
0.295119
0.272495
0.285044
0.273189
0.226064
0.245995
0.236672
0.241747
0.192516
0.210470
0.189079
0.190574
0.225401
0.239392
0.227561
0.220877
0.250216
0.246963
0.244957
0.244484
0.238570
0.250284
0.199288
0.195645
0.193806
0.196349
0.232626
0.241151
0.177239
0.174999
0.257174
0.295123
0.292760
0.273575
0.268742
0.274033
0.284732
0.271278
========================51===============
0.287350
0.292097
0.269977
0.276943
0.270411
0.276084
0.289397
0.287821
0.280555
0.272742
0.271856
0.261361
0.293346
0.294333
0.285971
0.287625
0.213557
0.227605
0.275800
0.278171
0.256598
0.253480
0.183540
0.188370
0.184172
0.199527
0.211801
0.229325
0.217483
0.250325
0.225419
0.216859
0.285247
0.287478
0.285535
0.278360
0.285223
0.284649
0.280070
0.265930
0.278036
0.269399
0.219208
0.234198
0.265349
0.270094
0.260903
0.283044
0.256562
0.268969
0.271517
0.269538
0.243481
0.244543
0.265171
0.251309
0.231771
0.207411
0.224952
0.234702
0.296706
0.294551
0.291689
0.285358
0.315427
0.315752
0.301447
0.293316
0.304279
0.297408
0.284561
0.282588
0.282892
0.272818
0.294013
0.287002
0.223275
0.223957
0.214872
0.214580
0.265064
0.273001
0.294883
0.272876
0.285326
0.273304
0.226125
0.246653
0.236652
0.241701
0.192699
0.210727
0.189005
0.190605
0.225474
0.239426
0.227683
0.220501
0.250255
0.246682
0.244592
0.244237
0.238597
0.250401
0.199265
0.195571
0.193770
0.196504
0.232970
0.241093
0.177167
0.174956
0.256943
0.294565
0.292662
0.273372
0.269051
0.274213
0.280817
0.268218
========================52===============
0.287640
0.291862
0.269927
0.276771
0.270247
0.275986
0.289743
0.287760
0.280484
0.273144
0.272474
0.262496
0.294208
0.295093
0.285954
0.287364
0.213781
0.229255
0.275325
0.277560
0.257901
0.254105
0.183759
0.188298
0.184416
0.199682
0.213536
0.230939
0.217891
0.251942
0.227990
0.217216
0.285886
0.287857
0.286113
0.279053
0.285277
0.284972
0.280287
0.265762
0.278786
0.270487
0.220822
0.235392
0.269324
0.268174
0.261006
0.283173
0.256989
0.268881
0.272175
0.269427
0.243231
0.244298
0.264939
0.250749
0.230955
0.206747
0.225312
0.234931
0.297091
0.294784
0.292566
0.286896
0.315525
0.316249
0.301969
0.293501
0.304537
0.298365
0.285201
0.283075
0.282788
0.273316
0.294985
0.288234
0.223377
0.224175
0.215349
0.214955
0.265951
0.274315
0.295799
0.273627
0.286171
0.273627
0.227583
0.246899
0.237084
0.241893
0.193193
0.211248
0.189184
0.190748
0.225599
0.239456
0.227765
0.220711
0.251480
0.248117
0.245764
0.244890
0.238988
0.250818
0.199523
0.195920
0.193853
0.196551
0.233071
0.241344
0.176560
0.175232
0.258150
0.294349
0.293346
0.273503
0.269479
0.273909
0.282133
0.270686
========================53===============
0.287997
0.292277
0.270683
0.277295
0.270560
0.276620
0.289857
0.287883
0.280822
0.273476
0.272530
0.262240
0.294028
0.294691
0.286638
0.288049
0.213250
0.228722
0.276169
0.278555
0.257266
0.253680
0.183617
0.188298
0.184282
0.199303
0.213590
0.230636
0.217648
0.251421
0.227946
0.218003
0.285188
0.287278
0.285573
0.279023
0.285321
0.285346
0.280726
0.266346
0.278817
0.270248
0.220830
0.235696
0.266571
0.266846
0.261279
0.283122
0.256578
0.268888
0.271959
0.269322
0.243058
0.244082
0.264982
0.251026
0.232083
0.207690
0.225388
0.234961
0.297599
0.295387
0.292462
0.286371
0.316193
0.316789
0.301972
0.293612
0.304684
0.298415
0.284978
0.282800
0.283546
0.273588
0.295187
0.288255
0.223287
0.224071
0.215662
0.215721
0.266225
0.274794
0.294979
0.272825
0.284940
0.273619
0.226616
0.246584
0.236946
0.242078
0.193075
0.211114
0.189160
0.190902
0.225745
0.239586
0.228150
0.221310
0.250315
0.247254
0.244977
0.244592
0.238863
0.250686
0.199717
0.196073
0.193956
0.196433
0.231923
0.239954
0.177233
0.174869
0.257548
0.294962
0.292521
0.273473
0.269330
0.273857
0.282616
0.267133
========================54===============
0.287647
0.292260
0.270451
0.277390
0.270328
0.276581
0.289606
0.288124
0.280737
0.273705
0.272607
0.262243
0.293903
0.294776
0.286730
0.287796
0.214185
0.228732
0.275853
0.278128
0.257324
0.253431
0.183447
0.188497
0.184327
0.198637
0.212130
0.230350
0.217966
0.250871
0.227096
0.217786
0.285515
0.287971
0.285621
0.278651
0.285128
0.284824
0.280615
0.266286
0.279262
0.269887
0.221024
0.235287
0.267248
0.269859
0.261334
0.283446
0.256995
0.269158
0.271993
0.270011
0.243509
0.244512
0.265158
0.251292
0.232531
0.208249
0.225620
0.235076
0.297120
0.294987
0.292257
0.286342
0.315731
0.316279
0.301887
0.293605
0.304632
0.298021
0.284786
0.282674
0.283397
0.273434
0.294659
0.287910
0.223113
0.224035
0.215134
0.215901
0.266418
0.274863
0.295546
0.272732
0.285434
0.273650
0.226979
0.247003
0.236788
0.241916
0.193194
0.211319
0.189149
0.190551
0.225879
0.239802
0.227903
0.221342
0.251295
0.247427
0.244985
0.244854
0.238973
0.250662
0.199440
0.196148
0.193785
0.196336
0.231693
0.240271
0.177762
0.175114
0.258294
0.295020
0.292930
0.273737
0.268886
0.274054
0.278724
0.267905
========================55===============
0.287510
0.292209
0.270650
0.277456
0.270738
0.276643
0.289927
0.287858
0.280815
0.273291
0.272274
0.262200
0.293676
0.294790
0.286764
0.287568
0.212402
0.227573
0.276791
0.278643
0.257350
0.253728
0.183334
0.188420
0.184122
0.198501
0.211586
0.229285
0.217937
0.251367
0.226141
0.217478
0.285170
0.287061
0.286111
0.278857
0.285605
0.285147
0.280473
0.266057
0.278955
0.270229
0.221576
0.235661
0.268479
0.267873
0.261525
0.283573
0.256500
0.268858
0.271734
0.269675
0.243089
0.244098
0.265044
0.251044
0.232352
0.208403
0.225290
0.234818
0.297332
0.294833
0.292285
0.286212
0.316072
0.316353
0.302006
0.293885
0.304628
0.298007
0.284963
0.282925
0.283069
0.273183
0.295144
0.288265
0.223194
0.223951
0.214701
0.215356
0.266486
0.274783
0.295369
0.273110
0.285262
0.273482
0.226980
0.246269
0.236922
0.242162
0.192982
0.210934
0.189122
0.190775
0.225501
0.239724
0.227490
0.220974
0.251370
0.247428
0.245313
0.244520
0.238719
0.250400
0.199178
0.195812
0.193527
0.195974
0.232599
0.240756
0.177085
0.174869
0.257831
0.293964
0.293486
0.273343
0.268845
0.273613
0.280222
0.266837
========================56===============
0.287434
0.292021
0.270192
0.277056
0.270170
0.275951
0.289766
0.287597
0.280385
0.272822
0.272210
0.262196
0.294070
0.294587
0.286441
0.287665
0.213097
0.227823
0.276720
0.278773
0.257390
0.253725
0.183403
0.188415
0.184164
0.198707
0.212825
0.230041
0.217652
0.251119
0.226495
0.217629
0.285379
0.287346
0.286119
0.279012
0.285424
0.285008
0.280227
0.265632
0.278543
0.269625
0.221002
0.235306
0.267337
0.267283
0.260868
0.283083
0.256640
0.268869
0.271261
0.269377
0.243203
0.244333
0.265025
0.251166
0.231951
0.207998
0.225087
0.234717
0.297068
0.294467
0.291918
0.285932
0.315258
0.316079
0.301848
0.293394
0.304157
0.297828
0.284399
0.282011
0.283191
0.273094
0.295008
0.288586
0.223023
0.224086
0.214929
0.215449
0.265847
0.273951
0.294473
0.273405
0.284774
0.273148
0.226620
0.246043
0.236665
0.241811
0.193001
0.211055
0.189089
0.190761
0.225584
0.239682
0.227480
0.220809
0.250719
0.247385
0.244574
0.244330
0.238580
0.250297
0.199235
0.195676
0.193782
0.196275
0.233033
0.241055
0.178126
0.175253
0.257239
0.294872
0.292108
0.273203
0.268715
0.273397
0.282751
0.263687
========================57===============
0.287455
0.292112
0.270034
0.276962
0.270117
0.276268
0.289551
0.287646
0.280232
0.273069
0.271821
0.261010
0.291449
0.293598
0.286345
0.287539
0.213892
0.227439
0.275833
0.278223
0.256373
0.253309
0.183319
0.188253
0.184155
0.198807
0.212094
0.229329
0.217232
0.250414
0.225786
0.217383
0.284567
0.286072
0.285204
0.278591
0.285177
0.284815
0.280427
0.265924
0.279134
0.269890
0.219926
0.235216
0.267746
0.269141
0.260856
0.283059
0.256158
0.268833
0.271116
0.269321
0.243033
0.244364
0.264829
0.251018
0.231845
0.207670
0.225084
0.234685
0.296791
0.294640
0.291690
0.286041
0.315314
0.316142
0.301540
0.293614
0.303675
0.297704
0.284111
0.281857
0.283057
0.272442
0.294547
0.287836
0.223334
0.224100
0.214661
0.215400
0.265418
0.273675
0.292468
0.270602
0.284593
0.272916
0.226514
0.246810
0.236607
0.241751
0.192923
0.210809
0.189076
0.190629
0.225552
0.239475
0.227691
0.220904
0.249893
0.246600
0.244532
0.244221
0.238575
0.250138
0.199304
0.195830
0.193745
0.196180
0.232599
0.241767
0.178274
0.174952
0.257443
0.292696
0.293360
0.273219
0.269221
0.274000
0.284646
0.271494
========================58===============
0.287368
0.292540
0.269787
0.277264
0.270071
0.276678
0.290019
0.288502
0.280368
0.273684
0.271778
0.261522
0.294193
0.294329
0.286345
0.287684
0.213367
0.228274
0.275330
0.278041
0.256307
0.253452
0.183099
0.187622
0.184051
0.199025
0.211945
0.229196
0.216223
0.250676
0.225512
0.216924
0.285693
0.288638
0.285695
0.278488
0.284995
0.284836
0.280224
0.265815
0.278932
0.270114
0.221164
0.235419
0.270077
0.270353
0.260738
0.282779
0.256358
0.268419
0.271723
0.269308
0.242892
0.244041
0.264543
0.250676
0.230965
0.206875
0.224905
0.234480
0.296808
0.295207
0.291630
0.286680
0.315503
0.316358
0.301657
0.294114
0.303368
0.298289
0.284021
0.282303
0.282726
0.272860
0.294841
0.288070
0.223361
0.224428
0.215230
0.214950
0.265526
0.273597
0.295681
0.273620
0.285436
0.272930
0.226704
0.246895
0.236560
0.241557
0.192815
0.210627
0.188987
0.190599
0.225510
0.239298
0.227822
0.220741
0.250865
0.247478
0.245661
0.244304
0.238753
0.250392
0.199514
0.195951
0.194051
0.196463
0.232580
0.240516
0.177182
0.175282
0.257389
0.293628
0.293063
0.273092
0.268758
0.273555
0.280606
0.267663
========================59===============
0.287369
0.292513
0.269854
0.277092
0.270158
0.276718
0.290133
0.288436
0.280611
0.273687
0.272025
0.262096
0.294279
0.295123
0.286229
0.287675
0.212858
0.227951
0.275444
0.278108
0.256513
0.253388
0.183268
0.187849
0.184109
0.199314
0.212397
0.229748
0.216982
0.251103
0.226515
0.217456
0.285492
0.287688
0.285948
0.278983
0.285054
0.285038
0.280335
0.265849
0.279184
0.270374
0.220998
0.235521
0.267728
0.267744
0.260850
0.282970
0.256718
0.268572
0.271878
0.269067
0.242981
0.244147
0.264694
0.250801
0.230963
0.207014
0.225379
0.234703
0.297037
0.295526
0.291695
0.286726
0.315375
0.316904
0.301615
0.294113
0.303726
0.298438
0.284038
0.282223
0.282780
0.273165
0.294880
0.287945
0.223067
0.224050
0.215243
0.215037
0.265630
0.274228
0.295382
0.273122
0.285431
0.273248
0.226630
0.245995
0.236769
0.241838
0.193154
0.211103
0.189224
0.190843
0.225659
0.239278
0.227778
0.221028
0.251180
0.247868
0.245329
0.244641
0.238848
0.250291
0.199562
0.196039
0.193853
0.196377
0.232801
0.241114
0.176855
0.175069
0.258260
0.293300
0.293414
0.273105
0.268635
0.272843
0.282285
0.270255
========================60===============
0.287198
0.292246
0.269541
0.276995
0.269806
0.276455
0.289779
0.287614
0.280413
0.273405
0.272418
0.262121
0.293293
0.294413
0.285797
0.287481
0.213883
0.229139
0.275441
0.278158
0.256746
0.253444
0.183451
0.187917
0.184252
0.199478
0.213763
0.231008
0.217471
0.251269
0.227995
0.217955
0.285043
0.287052
0.285521
0.278696
0.285160
0.285132
0.280315
0.266174
0.278646
0.269970
0.220650
0.235277
0.265840
0.266788
0.260599
0.282523
0.256342
0.268289
0.271161
0.268383
0.242701
0.243906
0.264392
0.250090
0.230965
0.206258
0.225099
0.234522
0.296891
0.295178
0.291925
0.287009
0.315453
0.317285
0.301710
0.293748
0.303952
0.298283
0.284160
0.282028
0.282880
0.272864
0.294998
0.288048
0.223190
0.223933
0.215526
0.215541
0.265749
0.274262
0.294024
0.272484
0.284910
0.273129
0.226367
0.246104
0.236723
0.241486
0.192954
0.211034
0.189093
0.190729
0.225555
0.239141
0.227937
0.220565
0.250309
0.247251
0.244943
0.244352
0.238644
0.250338
0.199438
0.195772
0.193764
0.196157
0.232466
0.239779
0.177832
0.175141
0.257842
0.296004
0.292795
0.272938
0.268938
0.273716
0.283285
0.265905
========================61===============
0.287465
0.292104
0.269804
0.277007
0.269915
0.276349
0.289866
0.287752
0.280656
0.273446
0.272330
0.261907
0.293239
0.294327
0.286085
0.287235
0.214597
0.229039
0.275546
0.278090
0.256402
0.253033
0.183356
0.188029
0.184169
0.199028
0.212414
0.230032
0.217162
0.251066
0.226857
0.217959
0.285410
0.287779
0.285527
0.278659
0.285062
0.284817
0.280352
0.266634
0.279137
0.269794
0.220785
0.235151
0.267483
0.270159
0.260628
0.282778
0.256377
0.268342
0.271410
0.268918
0.243051
0.243991
0.264824
0.250475
0.231340
0.206709
0.225249
0.234692
0.296921
0.295147
0.291613
0.286272
0.315348
0.316506
0.301813
0.293493
0.303841
0.297670
0.284152
0.281862
0.282876
0.272712
0.294688
0.287802
0.223418
0.224026
0.215591
0.215482
0.265928
0.273956
0.295348
0.272478
0.285471
0.273358
0.226992
0.247207
0.236783
0.241631
0.193001
0.211171
0.189203
0.190743
0.225563
0.239435
0.227903
0.221097
0.250805
0.246853
0.244345
0.244563
0.238746
0.250220
0.199455
0.196038
0.193772
0.196209
0.231939
0.240001
0.177845
0.174829
0.258529
0.294361
0.291080
0.272913
0.268701
0.273217
0.280017
0.268810
========================62===============
0.287310
0.291869
0.269557
0.276917
0.269819
0.276420
0.289613
0.288046
0.280460
0.274023
0.272321
0.261935
0.292468
0.294117
0.286021
0.287033
0.212546
0.227656
0.275188
0.277720
0.256200
0.253055
0.183289
0.188214
0.184168
0.198947
0.212581
0.230095
0.217871
0.251520
0.226445
0.217656
0.284819
0.286553
0.285315
0.278547
0.285014
0.284759
0.280413
0.266046
0.278994
0.269780
0.221673
0.235645
0.269074
0.268664
0.260731
0.283037
0.256519
0.268601
0.271339
0.269190
0.243262
0.244303
0.264749
0.250775
0.231605
0.207261
0.225359
0.234493
0.296763
0.294594
0.291664
0.286238
0.315052
0.316712
0.301304
0.293496
0.303841
0.298159
0.284149
0.282070
0.282846
0.272803
0.294214
0.287601
0.223171
0.224048
0.214939
0.215716
0.265905
0.274241
0.294839
0.272014
0.285295
0.273282
0.227241
0.246575
0.236471
0.241623
0.193063
0.211303
0.189139
0.190544
0.225445
0.239132
0.227602
0.220477
0.251814
0.247868
0.245378
0.244842
0.238829
0.250192
0.199128
0.195579
0.193544
0.195883
0.232219
0.240457
0.177250
0.174649
0.259369
0.295478
0.292996
0.273408
0.268852
0.273091
0.279677
0.268394
========================63===============
0.287495
0.292195
0.269802
0.277289
0.270306
0.276880
0.290261
0.288248
0.280886
0.274077
0.272441
0.262253
0.294286
0.294647
0.286012
0.287527
0.212397
0.228402
0.275916
0.278641
0.256742
0.253491
0.183159
0.188247
0.184208
0.198948
0.211988
0.229912
0.217691
0.251523
0.226244
0.218009
0.285576
0.287601
0.286073
0.278973
0.285175
0.284954
0.280206
0.265875
0.278867
0.269694
0.221698
0.235641
0.270260
0.267996
0.260547
0.282905
0.256503
0.268794
0.271252
0.268864
0.243089
0.244372
0.264841
0.250920
0.231559
0.207562
0.225199
0.234515
0.297321
0.294933
0.291876
0.286789
0.315497
0.317058
0.301889
0.293757
0.304006
0.298776
0.284218
0.282356
0.283006
0.272801
0.295517
0.288536
0.223162
0.224102
0.215080
0.215211
0.266326
0.274480
0.295728
0.273113
0.285303
0.273063
0.226480
0.245759
0.236547
0.241737
0.193000
0.211004
0.189139
0.190578
0.225454
0.239315
0.227709
0.220970
0.251461
0.247972
0.245280
0.244523
0.238639
0.249993
0.199237
0.195890
0.193822
0.196113
0.232541
0.240881
0.177607
0.175150
0.257782
0.294892
0.293074
0.272977
0.268146
0.272950
0.282140
0.263836
========================64===============
0.287617
0.292220
0.269988
0.277284
0.270278
0.276702
0.290016
0.287736
0.280586
0.273552
0.272358
0.261922
0.293083
0.294024
0.286361
0.287825
0.214240
0.227818
0.276026
0.278833
0.256319
0.253463
0.183425
0.188597
0.184387
0.199211
0.212823
0.230433
0.218345
0.251394
0.226842
0.218618
0.284836
0.286405
0.285597
0.278767
0.285201
0.284829
0.280393
0.266115
0.279535
0.270110
0.221039
0.235778
0.267141
0.268624
0.260337
0.282637
0.256108
0.268378
0.271207
0.269106
0.242843
0.244066
0.264516
0.250780
0.231416
0.207270
0.225409
0.234687
0.297355
0.295000
0.292162
0.287105
0.315436
0.317090
0.301805
0.293711
0.303649
0.298257
0.284214
0.282229
0.283396
0.272914
0.295580
0.288362
0.222972
0.223983
0.214744
0.215606
0.266156
0.274581
0.293494
0.271364
0.284661
0.272995
0.226391
0.246491
0.236611
0.241891
0.193061
0.211304
0.189217
0.190704
0.225528
0.239203
0.227813
0.220848
0.250758
0.247407
0.245129
0.244686
0.238655
0.250225
0.199245
0.195770
0.193937
0.196260
0.232826
0.241510
0.177960
0.175104
0.258258
0.294687
0.293204
0.272819
0.268558
0.273453
0.285279
0.270479
========================65===============
0.287291
0.292006
0.269652
0.277012
0.269981
0.276694
0.289925
0.288139
0.280588
0.273777
0.272197
0.261803
0.293850
0.294400
0.286006
0.287545
0.213804
0.227697
0.275538
0.278602
0.255942
0.253195
0.183194
0.188017
0.184022
0.198913
0.211804
0.229408
0.217211
0.250943
0.225713
0.217599
0.285767
0.288438
0.285410
0.278456
0.285026
0.284661
0.280072
0.265677
0.278960
0.269867
0.220335
0.235216
0.269362
0.270494
0.260569
0.282833
0.256422
0.268721
0.271351
0.269051
0.243279
0.244397
0.264977
0.251143
0.231161
0.207093
0.225075
0.234555
0.296822
0.294529
0.291381
0.285921
0.314807
0.316550
0.301467
0.293650
0.303435
0.297842
0.283677
0.281778
0.283050
0.272612
0.294839
0.287664
0.223315
0.224150
0.214982
0.215110
0.265553
0.273545
0.295368
0.272857
0.285572
0.273126
0.226480
0.246555
0.236471
0.241703
0.192734
0.210693
0.188994
0.190609
0.225539
0.239331
0.227698
0.220581
0.250991
0.247426
0.245018
0.244456
0.238669
0.250255
0.199201
0.195586
0.193683
0.196174
0.232345
0.240526
0.177608
0.175031
0.257446
0.294493
0.292680
0.272964
0.268913
0.273574
0.279769
0.266609
========================66===============
0.287494
0.292099
0.269721
0.276811
0.270051
0.276380
0.290192
0.288222
0.280925
0.273689
0.272529
0.262537
0.293956
0.294974
0.285956
0.287417
0.213813
0.228885
0.275690
0.278464
0.256685
0.253740
0.183463
0.188332
0.184299
0.199532
0.212806
0.230145
0.217570
0.251805
0.227477
0.218378
0.285768
0.288174
0.286335
0.279123
0.285272
0.284875
0.280196
0.265428
0.279217
0.270495
0.221328
0.235718
0.269063
0.268594
0.261119
0.283311
0.257351
0.269368
0.271948
0.269602
0.243688
0.244845
0.265388
0.251442
0.230876
0.206934
0.225414
0.234805
0.297099
0.294929
0.292063
0.286755
0.315254
0.316811
0.301913
0.293753
0.303759
0.298009
0.284333
0.282040
0.282806
0.272990
0.295088
0.287941
0.223389
0.224097
0.215357
0.215179
0.265685
0.274038
0.295477
0.273269
0.285645
0.273103
0.227323
0.246702
0.236761
0.241695
0.193489
0.211401
0.189161
0.190834
0.225742
0.239473
0.227819
0.220838
0.251428
0.248073
0.245679
0.244746
0.238873
0.250652
0.199429
0.196027
0.193793
0.196494
0.233529
0.241757
0.176488
0.175004
0.258450
0.293989
0.293264
0.273232
0.268869
0.273850
0.283098
0.268180
========================67===============
0.287823
0.291957
0.270209
0.276881
0.270366
0.276276
0.289829
0.287676
0.281009
0.273874
0.272889
0.262005
0.292855
0.294127
0.286400
0.287557
0.214272
0.229432
0.275849
0.278217
0.256698
0.253334
0.183506
0.188443
0.184245
0.199397
0.213249
0.230772
0.217991
0.252060
0.228202
0.218454
0.285250
0.286942
0.285501
0.278775
0.285260
0.284983
0.280559
0.266516
0.279109
0.270344
0.221644
0.236023
0.268047
0.267589
0.261073
0.282928
0.256827
0.268992
0.271621
0.269191
0.243370
0.244501
0.265153
0.251395
0.231660
0.207013
0.225561
0.234904
0.296977
0.294984
0.292475
0.286832
0.315484
0.316455
0.301716
0.293350
0.304205
0.297918
0.284824
0.282427
0.283331
0.272896
0.294960
0.287918
0.223188
0.223929
0.215252
0.215834
0.265879
0.274760
0.293840
0.271951
0.284743
0.273114
0.227241
0.246687
0.236799
0.241849
0.193553
0.211558
0.189256
0.190984
0.225706
0.239570
0.227952
0.221025
0.251681
0.247928
0.245087
0.244697
0.238783
0.250431
0.199388
0.196007
0.193961
0.196345
0.232248
0.240491
0.177091
0.175138
0.258396
0.294572
0.291977
0.272963
0.269025
0.273750
0.284101
0.269640
========================68===============
0.287983
0.292079
0.270483
0.277536
0.270996
0.276928
0.290198
0.287876
0.281332
0.273765
0.272510
0.261577
0.294320
0.294525
0.286614
0.287422
0.214494
0.228180
0.275968
0.278507
0.256602
0.253319
0.183617
0.188929
0.184261
0.199690
0.211233
0.229845
0.218678
0.251656
0.226915
0.218031
0.285455
0.287287
0.285989
0.278583
0.285504
0.284785
0.280526
0.266014
0.279553
0.270398
0.222093
0.236365
0.270143
0.270415
0.261400
0.283497
0.256917
0.269466
0.272169
0.269987
0.243643
0.244898
0.265700
0.252134
0.232340
0.208261
0.225566
0.234946
0.297210
0.294848
0.292518
0.286494
0.316230
0.316465
0.302319
0.293543
0.304753
0.298244
0.285299
0.283267
0.283289
0.273240
0.295814
0.288700
0.223199
0.224044
0.214367
0.215529
0.266627
0.274759
0.295425
0.272752
0.285484
0.273247
0.227256
0.246909
0.236851
0.242198
0.193089
0.211374
0.189202
0.190819
0.225738
0.239802
0.227617
0.221134
0.252009
0.248178
0.245371
0.244820
0.238766
0.250316
0.199226
0.195841
0.193723
0.196023
0.231442
0.240188
0.177466
0.174811
0.257986
0.294670
0.291783
0.273218
0.268798
0.273944
0.280681
0.269037
========================69===============
0.287877
0.292457
0.270414
0.277530
0.271138
0.276923
0.290349
0.288161
0.281426
0.273851
0.272652
0.262201
0.293552
0.294279
0.286516
0.287598
0.212456
0.228232
0.275939
0.278575
0.256983
0.253743
0.183406
0.188707
0.184152
0.199780
0.211400
0.229754
0.218124
0.251560
0.227122
0.218008
0.285821
0.287195
0.286032
0.279029
0.285459
0.285071
0.279911
0.265749
0.278671
0.270117
0.221254
0.235643
0.269298
0.266892
0.261271
0.283116
0.257300
0.269706
0.271662
0.269555
0.243811
0.244999
0.265620
0.252143
0.232081
0.208532
0.225392
0.234865
0.297039
0.294831
0.292579
0.286895
0.316002
0.316523
0.302269
0.293719
0.304524
0.298672
0.285458
0.283518
0.282870
0.273116
0.295307
0.288247
0.223501
0.223963
0.215132
0.215631
0.266160
0.274854
0.295318
0.273252
0.285146
0.273194
0.226800
0.245726
0.236739
0.242274
0.193075
0.211081
0.189006
0.190915
0.225798
0.239929
0.227880
0.220791
0.251191
0.248175
0.244982
0.244622
0.238885
0.250532
0.199424
0.195855
0.194052
0.196453
0.233238
0.241485
0.177015
0.175180
0.258580
0.293363
0.293115
0.273239
0.268795
0.273695
0.281831
0.264221
========================70===============
0.288054
0.292949
0.270805
0.277596
0.271385
0.276662
0.290651
0.288397
0.281209
0.273408
0.272784
0.262125
0.293209
0.294760
0.287209
0.288448
0.213829
0.228517
0.276310
0.278708
0.257203
0.254079
0.183387
0.188374
0.184158
0.199694
0.213211
0.230710
0.217591
0.251112
0.227256
0.217624
0.285538
0.286651
0.285995
0.279193
0.285895
0.285724
0.280812
0.266406
0.279028
0.270356
0.220799
0.235638
0.264457
0.266091
0.261013
0.282800
0.257208
0.269228
0.271826
0.269437
0.243279
0.244648
0.265164
0.251435
0.231981
0.207850
0.225481
0.235253
0.297410
0.295511
0.292585
0.287196
0.315921
0.316672
0.302501
0.294160
0.304268
0.298484
0.285526
0.283492
0.283627
0.273674
0.295424
0.288524
0.223522
0.224399
0.215315
0.215904
0.265968
0.274491
0.293102
0.271907
0.284912
0.273305
0.226885
0.246469
0.236897
0.242241
0.193423
0.211741
0.189038
0.190895
0.226224
0.239944
0.228149
0.221122
0.250881
0.247000
0.244898
0.244892
0.239238
0.250934
0.199617
0.196195
0.194263
0.196990
0.232690
0.241349
0.177046
0.175462
0.258424
0.295450
0.292719
0.273336
0.269233
0.273393
0.283750
0.269064
========================71===============
0.287871
0.292922
0.270624
0.277500
0.271183
0.276691
0.290490
0.288196
0.281387
0.273629
0.272674
0.262915
0.294342
0.295053
0.286744
0.288249
0.215752
0.229983
0.276544
0.278840
0.257038
0.254102
0.183325
0.188452
0.184220
0.200008
0.212917
0.230730
0.217841
0.252637
0.227069
0.217553
0.286438
0.288616
0.286386
0.279240
0.285917
0.285631
0.281069
0.266062
0.279709
0.271119
0.221785
0.236605
0.271959
0.271010
0.261403
0.283245
0.257478
0.269532
0.272495
0.269820
0.243753
0.244806
0.265262
0.251515
0.231575
0.207813
0.225511
0.235167
0.297349
0.295666
0.292623
0.286943
0.315841
0.316679
0.302422
0.293994
0.304519
0.298560
0.285522
0.283423
0.283253
0.273955
0.295015
0.288398
0.223513
0.224262
0.215430
0.215661
0.266076
0.274822
0.295932
0.273585
0.285982
0.273814
0.228400
0.248356
0.236902
0.242463
0.193612
0.211934
0.189046
0.191215
0.226095
0.239982
0.227680
0.221263
0.251583
0.248039
0.245981
0.245011
0.238910
0.250751
0.199524
0.196171
0.193826
0.196587
0.232795
0.241102
0.177177
0.175492
0.258266
0.295284
0.292603
0.273120
0.268703
0.273812
0.283618
0.269262
========================72===============
0.287643
0.292144
0.270489
0.277350
0.270840
0.276269
0.290073
0.287558
0.281194
0.273709
0.273044
0.262858
0.293778
0.294835
0.286388
0.287840
0.213261
0.229452
0.276713
0.279063
0.257468
0.253985
0.183571
0.188472
0.184383
0.199569
0.213750
0.230923
0.218091
0.252549
0.228143
0.217836
0.285822
0.287654
0.286291
0.279334
0.285254
0.285232
0.280622
0.266048
0.279196
0.270535
0.221603
0.235916
0.270228
0.268639
0.261451
0.283163
0.257396
0.269271
0.272205
0.269638
0.243601
0.244438
0.265110
0.251176
0.231657
0.208106
0.225427
0.234972
0.297096
0.294982
0.292186
0.286263
0.315513
0.316247
0.302349
0.293454
0.304587
0.298314
0.285024
0.282750
0.283236
0.273688
0.294966
0.288555
0.223370
0.224041
0.215596
0.215833
0.266186
0.274819
0.295131
0.273342
0.285607
0.273682
0.227772
0.246965
0.237023
0.242336
0.193440
0.211724
0.189068
0.191092
0.225798
0.239884
0.227691
0.221064
0.251098
0.247860
0.245283
0.244876
0.238747
0.250418
0.199529
0.196094
0.193919
0.196412
0.233682
0.242019
0.176732
0.174913
0.257749
0.295220
0.293198
0.273077
0.268516
0.274182
0.283798
0.271096
========================73===============
0.287617
0.291913
0.270195
0.277049
0.270410
0.276191
0.290204
0.287393
0.280962
0.273523
0.272689
0.262133
0.293855
0.293924
0.286442
0.287496
0.213377
0.228459
0.276299
0.278601
0.256270
0.253164
0.183395
0.188649
0.184314
0.199237
0.212603
0.230195
0.217881
0.251566
0.226548
0.217859
0.285840
0.287334
0.285685
0.278939
0.285440
0.285194
0.280221
0.265980
0.278652
0.269779
0.221428
0.235586
0.268747
0.267717
0.261105
0.282826
0.257008
0.269030
0.271875
0.269240
0.243469
0.244421
0.264969
0.251192
0.231872
0.207566
0.225459
0.234710
0.296925
0.294471
0.291627
0.285631
0.315392
0.316264
0.301875
0.293075
0.304164
0.298128
0.284359
0.282001
0.282890
0.272710
0.294504
0.288050
0.223457
0.224022
0.215259
0.215966
0.265674
0.274240
0.294390
0.273325
0.285106
0.273510
0.227173
0.246642
0.236555
0.242015
0.193279
0.211409
0.189059
0.190847
0.225793
0.239634
0.227931
0.221137
0.250605
0.247674
0.244917
0.244679
0.238746
0.250215
0.199382
0.196116
0.193798
0.196264
0.231440
0.240196
0.178118
0.175016
0.258006
0.295535
0.291895
0.273138
0.269059
0.274096
0.281652
0.266724
========================74===============
0.287611
0.292052
0.269791
0.277032
0.270340
0.276451
0.290467
0.287864
0.281056
0.273818
0.272435
0.261706
0.293978
0.294244
0.286320
0.287218
0.214322
0.227745
0.275384
0.278175
0.256106
0.253249
0.183136
0.188639
0.184280
0.199275
0.211734
0.230087
0.218227
0.251086
0.226005
0.217627
0.285605
0.286931
0.285740
0.278746
0.284913
0.284664
0.280195
0.266006
0.279301
0.269884
0.221510
0.235661
0.269209
0.269400
0.260599
0.282881
0.256560
0.268717
0.271433
0.269298
0.243235
0.244428
0.264698
0.251059
0.231539
0.207394
0.225583
0.234622
0.296885
0.294251
0.291586
0.285861
0.314955
0.316154
0.301960
0.293340
0.303447
0.298090
0.283893
0.281928
0.282763
0.272640
0.294908
0.288405
0.223160
0.224077
0.214635
0.215734
0.266156
0.274968
0.294703
0.273106
0.285364
0.273355
0.226955
0.246217
0.236370
0.241816
0.193149
0.211480
0.189180
0.190777
0.225644
0.239342
0.227596
0.220714
0.251606
0.247802
0.245014
0.244891
0.238816
0.250220
0.199191
0.195787
0.193633
0.195970
0.231990
0.241006
0.177915
0.174732
0.258082
0.296229
0.293007
0.273334
0.268899
0.273970
0.280774
0.268338
========================75===============
0.287701
0.291876
0.269848
0.276986
0.270379
0.276461
0.290218
0.287636
0.281001
0.273638
0.272437
0.262223
0.293408
0.293741
0.286161
0.287490
0.211928
0.227405
0.275699
0.278431
0.256260
0.253538
0.182959
0.188303
0.183990
0.198853
0.211992
0.230264
0.217744
0.251759
0.226076
0.217791
0.286106
0.287185
0.285807
0.278905
0.285198
0.284865
0.279787
0.265219
0.278775
0.269801
0.221689
0.235730
0.270564
0.268044
0.260732
0.282978
0.256605
0.268655
0.271278
0.268949
0.243248
0.244611
0.264820
0.251201
0.231097
0.207133
0.225144
0.234477
0.296902
0.294298
0.291525
0.285983
0.314975
0.316133
0.301772
0.293225
0.303261
0.298000
0.283853
0.281754
0.282825
0.272611
0.294693
0.287964
0.223244
0.224003
0.215098
0.215730
0.265920
0.274384
0.295376
0.273610
0.285402
0.273325
0.227071
0.245843
0.236346
0.241864
0.192966
0.211033
0.189004
0.190849
0.225472
0.239423
0.227566
0.220564
0.251616
0.247395
0.245596
0.244681
0.238736
0.250117
0.199218
0.195634
0.193489
0.195985
0.232796
0.240904
0.176677
0.174484
0.257200
0.295423
0.292630
0.273045
0.268700
0.273523
0.281037
0.263836
========================76===============
0.287857
0.292214
0.269810
0.276993
0.270363
0.276264
0.290282
0.287605
0.280797
0.273442
0.272304
0.261890
0.293649
0.294173
0.286255
0.287561
0.212623
0.227093
0.275664
0.278402
0.256244
0.253535
0.183023
0.188123
0.183953
0.198947
0.212096
0.230155
0.217616
0.250954
0.226220
0.217872
0.285534
0.286709
0.285936
0.278939
0.285466
0.285353
0.280341
0.265885
0.278567
0.269752
0.220774
0.235008
0.265759
0.266620
0.260696
0.282996
0.257115
0.269239
0.271418
0.269331
0.243531
0.244787
0.265045
0.251476
0.231334
0.207374
0.225288
0.234849
0.297138
0.294428
0.291444
0.285882
0.314896
0.316123
0.302192
0.293423
0.303379
0.298086
0.283968
0.281973
0.282719
0.272435
0.294565
0.287999
0.223322
0.223994
0.214924
0.215503
0.265587
0.274031
0.293972
0.273233
0.284894
0.273121
0.226359
0.245611
0.236494
0.241931
0.193063
0.211207
0.188949
0.190779
0.225739
0.239474
0.227611
0.220664
0.250752
0.247459
0.244500
0.244693
0.238960
0.250400
0.199425
0.195803
0.193808
0.196516
0.232889
0.241604
0.177987
0.175077
0.258017
0.294518
0.292841
0.273244
0.269116
0.273421
0.281965
0.265087
========================77===============
0.287842
0.292429
0.269902
0.276796
0.270304
0.276023
0.290196
0.287677
0.281161
0.273191
0.272818
0.261637
0.291685
0.293936
0.285948
0.287246
0.214941
0.228524
0.275997
0.278018
0.256239
0.253552
0.183068
0.187968
0.184163
0.199382
0.212802
0.230370
0.217611
0.251735
0.227210
0.217828
0.285491
0.286157
0.285617
0.278985
0.285688
0.285373
0.280766
0.266226
0.279516
0.270582
0.220947
0.235712
0.270223
0.270341
0.260691
0.282863
0.256936
0.269088
0.271560
0.269374
0.243429
0.244717
0.264940
0.250982
0.230937
0.206623
0.225448
0.235013
0.297134
0.294885
0.291882
0.286493
0.315139
0.316087
0.302397
0.293536
0.303931
0.298141
0.284548
0.282235
0.282816
0.272642
0.294461
0.287737
0.223398
0.224050
0.215851
0.215363
0.265674
0.274190
0.293036
0.271886
0.285073
0.273034
0.227586
0.247549
0.236864
0.241903
0.193639
0.211470
0.188995
0.190957
0.225778
0.239789
0.227618
0.221008
0.250919
0.247893
0.245467
0.245103
0.239047
0.250683
0.199417
0.196099
0.193891
0.196574
0.231911
0.240829
0.177960
0.175528
0.258758
0.293492
0.293483
0.273472
0.268907
0.273629
0.282993
0.269269
========================78===============
0.287863
0.292056
0.270572
0.277309
0.270744
0.276591
0.290041
0.287730
0.280964
0.273693
0.272608
0.261996
0.294224
0.294200
0.286427
0.287241
0.214939
0.229962
0.276571
0.278669
0.256781
0.253749
0.183445
0.188212
0.184196
0.199531
0.213115
0.230757
0.217903
0.251693
0.227409
0.217748
0.285887
0.287802
0.286026
0.278980
0.285042
0.284891
0.280843
0.266176
0.279613
0.270864
0.221814
0.236011
0.269418
0.270020
0.260852
0.282928
0.256606
0.268670
0.271800
0.269369
0.243334
0.244535
0.265073
0.251263
0.231416
0.206963
0.225401
0.234912
0.297073
0.294930
0.291873
0.286314
0.315042
0.316258
0.302088
0.293426
0.303702
0.298370
0.284340
0.282249
0.283053
0.272743
0.295256
0.288719
0.223320
0.223868
0.215530
0.215454
0.266515
0.275031
0.296028
0.273901
0.285653
0.273573
0.227480
0.247461
0.236848
0.242209
0.193166
0.211653
0.189167
0.191058
0.225616
0.239696
0.227509
0.220917
0.252019
0.247833
0.245367
0.244900
0.238799
0.250362
0.199371
0.195952
0.193732
0.196198
0.231217
0.239773
0.177279
0.175167
0.258718
0.295866
0.292007
0.273076
0.268648
0.272838
0.280859
0.267058
========================79===============
0.287661
0.292054
0.269926
0.277043
0.270280
0.276627
0.289798
0.287729
0.280539
0.273663
0.272497
0.262356
0.293595
0.294183
0.286154
0.287447
0.212494
0.228881
0.275523
0.278265
0.256966
0.253634
0.183325
0.188078
0.184109
0.199788
0.213175
0.230956
0.217427
0.252165
0.227304
0.217797
0.285580
0.287084
0.285591
0.278751
0.285187
0.285045
0.280243
0.265537
0.278984
0.270303
0.221275
0.235612
0.270418
0.268623
0.260390
0.282638
0.256745
0.268693
0.271208
0.268876
0.243361
0.244685
0.264946
0.251077
0.230665
0.206648
0.225221
0.234655
0.296995
0.294688
0.291855
0.286802
0.315049
0.316987
0.301783
0.293734
0.303660
0.298754
0.284408
0.282321
0.282888
0.272935
0.295059
0.288165
0.223291
0.223880
0.215390
0.215368
0.265874
0.274580
0.294654
0.273656
0.285337
0.273392
0.226904
0.246340
0.236688
0.241980
0.193291
0.211505
0.189048
0.190968
0.225632
0.239639
0.227523
0.220650
0.250930
0.247595
0.245313
0.244867
0.238916
0.250530
0.199321
0.195883
0.193683
0.196307
0.233379
0.242661
0.176682
0.174876
0.256609
0.295277
0.293658
0.272937
0.268901
0.274419
0.285069
0.271814
========================80===============
0.287810
0.291883
0.270336
0.277181
0.270554
0.276625
0.289572
0.287549
0.280780
0.273607
0.272738
0.262211
0.293461
0.293928
0.286117
0.287589
0.213794
0.229240
0.276252
0.278918
0.257026
0.253675
0.183406
0.188397
0.184341
0.199772
0.213505
0.230928
0.218024
0.251868
0.227485
0.218548
0.285741
0.287182
0.285827
0.279159
0.285417
0.285303
0.280385
0.266094
0.278996
0.270414
0.221146
0.235772
0.267090
0.266918
0.260579
0.282581
0.256545
0.268437
0.271251
0.268807
0.242936
0.244274
0.264835
0.250880
0.231173
0.206815
0.225241
0.234773
0.297019
0.294624
0.292148
0.286771
0.315547
0.317316
0.302048
0.293633
0.304393
0.298559
0.284380
0.281972
0.283106
0.272779
0.295018
0.288361
0.223422
0.223976
0.215624
0.215592
0.266079
0.274472
0.293936
0.273094
0.284781
0.273379
0.226267
0.246386
0.236724
0.242007
0.193314
0.211409
0.189143
0.190929
0.225756
0.239619
0.227727
0.220930
0.250714
0.247488
0.245513
0.244730
0.238908
0.250313
0.199205
0.195869
0.193799
0.196195
0.231656
0.239724
0.177294
0.175032
0.258433
0.296148
0.292465
0.273019
0.268982
0.273663
0.283007
0.267125
========================81===============
0.287896
0.292149
0.270409
0.277127
0.270461
0.276325
0.289709
0.287466
0.280700
0.273434
0.272486
0.261809
0.293616
0.293964
0.286297
0.287432
0.214649
0.229832
0.275766
0.278489
0.256993
0.253557
0.183462
0.188600
0.184300
0.199690
0.213364
0.231003
0.217887
0.251583
0.227321
0.217923
0.285762
0.287550
0.285612
0.278446
0.285030
0.284647
0.280483
0.265911
0.279561
0.270421
0.221299
0.235383
0.267871
0.269961
0.260682
0.282663
0.256653
0.268438
0.271492
0.269074
0.243153
0.244458
0.265097
0.251087
0.231247
0.206712
0.225339
0.234757
0.296948
0.294695
0.291801
0.286335
0.315350
0.316502
0.301905
0.293141
0.304375
0.298184
0.284325
0.281808
0.283281
0.272823
0.295198
0.288531
0.223199
0.223885
0.215346
0.215831
0.266358
0.274562
0.295025
0.274024
0.285456
0.273691
0.226945
0.246960
0.236860
0.242113
0.193463
0.211598
0.189120
0.190928
0.225789
0.239793
0.227599
0.220903
0.250973
0.247094
0.244710
0.244674
0.238749
0.250461
0.199334
0.195939
0.193573
0.196344
0.231785
0.240450
0.178192
0.174958
0.258447
0.294727
0.291533
0.273117
0.268893
0.273535
0.279798
0.266468
========================82===============
0.287872
0.291957
0.270092
0.276745
0.270193
0.276134
0.289723
0.287555
0.280550
0.273567
0.272332
0.262213
0.292192
0.293593
0.286388
0.287199
0.212843
0.228120
0.275219
0.277958
0.255871
0.253144
0.183320
0.188304
0.184008
0.199620
0.212231
0.230151
0.217433
0.251324
0.226482
0.217287
0.285318
0.286394
0.285274
0.278846
0.285129
0.284874
0.280486
0.265554
0.278835
0.270186
0.221252
0.235648
0.268892
0.269089
0.260359
0.282619
0.256499
0.268553
0.271384
0.269048
0.243273
0.244503
0.265080
0.251231
0.230732
0.206835
0.225191
0.234728
0.296845
0.294335
0.291521
0.285544
0.314838
0.316052
0.301931
0.293393
0.303378
0.297778
0.284108
0.281905
0.282951
0.272920
0.294066
0.287849
0.223429
0.224057
0.215433
0.215943
0.265995
0.273998
0.294400
0.273400
0.285287
0.273655
0.227301
0.246727
0.236734
0.242033
0.193116
0.211448
0.188993
0.190854
0.225499
0.239629
0.227471
0.220614
0.251660
0.248242
0.245153
0.244794
0.238915
0.250311
0.199137
0.195941
0.193467
0.196054
0.231936
0.240813
0.177264
0.174665
0.258495
0.295074
0.292841
0.272665
0.268542
0.273672
0.279452
0.268439
========================83===============
0.287916
0.292734
0.269868
0.276958
0.270368
0.276554
0.289995
0.288204
0.280612
0.273121
0.271548
0.261057
0.294476
0.295218
0.286580
0.287778
0.212624
0.227063
0.276105
0.278195
0.254024
0.253087
0.184108
0.189226
0.184481
0.200199
0.208822
0.227927
0.218430
0.251145
0.223219
0.217389
0.286417
0.287806
0.286481
0.278965
0.285654
0.285198
0.280858
0.265540
0.277924
0.269849
0.219437
0.233912
0.269149
0.268887
0.260815
0.283335
0.256439
0.268656
0.271419
0.269475
0.242929
0.244229
0.265012
0.251045
0.231013
0.207329
0.224875
0.234800
0.297369
0.295065
0.291080
0.285446
0.315617
0.316932
0.302938
0.294031
0.304315
0.298170
0.284181
0.282224
0.283079
0.272892
0.295517
0.288649
0.223596
0.224164
0.215027
0.214188
0.265940
0.274056
0.295999
0.274511
0.285677
0.273707
0.225444
0.245408
0.236718
0.242220
0.192237
0.210614
0.189030
0.190802
0.225517
0.239505
0.227688
0.220902
0.250967
0.247735
0.245638
0.244630
0.238955
0.250365
0.199469
0.195937
0.193658
0.196177
0.231433
0.240163
0.177693
0.175074
0.257288
0.295159
0.293661
0.273385
0.268873
0.274370
0.280937
0.267442
========================84===============
0.288273
0.293333
0.270295
0.277384
0.270840
0.276888
0.290277
0.288526
0.280868
0.273684
0.272661
0.262151
0.294443
0.295239
0.286731
0.288026
0.213564
0.229172
0.276064
0.278512
0.256652
0.254243
0.183924
0.188814
0.184541
0.200357
0.213135
0.230654
0.218039
0.251790
0.227370
0.218153
0.285956
0.287082
0.286754
0.279363
0.285669
0.285512
0.280826
0.266052
0.279011
0.270450
0.221147
0.235336
0.266232
0.266108
0.260877
0.283019
0.257078
0.269313
0.271857
0.269352
0.243313
0.244613
0.265043
0.251367
0.230733
0.206942
0.225528
0.235126
0.297735
0.295499
0.292539
0.287257
0.315765
0.317392
0.302815
0.294097
0.304409
0.299274
0.285101
0.283174
0.283622
0.273840
0.296005
0.289326
0.223488
0.224174
0.215457
0.214919
0.265979
0.274514
0.295015
0.274011
0.285190
0.273713
0.227222
0.246722
0.236944
0.242416
0.193508
0.211929
0.189325
0.191045
0.226046
0.239686
0.227880
0.220740
0.250983
0.247615
0.245539
0.245230
0.239502
0.250875
0.199602
0.195963
0.194012
0.197009
0.232796
0.241611
0.176778
0.175474
0.258973
0.295426
0.293074
0.273103
0.268873
0.272932
0.282002
0.268131
========================85===============
0.288158
0.292760
0.269952
0.277229
0.270307
0.276668
0.289835
0.287966
0.280546
0.273645
0.272916
0.262151
0.294191
0.294734
0.286778
0.288064
0.215365
0.230679
0.275568
0.278239
0.257504
0.254193
0.183774
0.189073
0.184447
0.200689
0.214089
0.231322
0.218381
0.252448
0.228915
0.217750
0.285797
0.286943
0.286129
0.278828
0.285587
0.285648
0.280481
0.266305
0.278996
0.270115
0.220943
0.235155
0.267711
0.268158
0.260513
0.282538
0.256494
0.268330
0.271399
0.268834
0.242690
0.244047
0.264441
0.250188
0.231045
0.206652
0.225743
0.235045
0.297610
0.295571
0.293042
0.287826
0.315664
0.317974
0.302248
0.294129
0.303991
0.299084
0.285139
0.283148
0.283920
0.273719
0.295969
0.288984
0.223411
0.224156
0.215069
0.216134
0.266451
0.275113
0.294205
0.273490
0.285140
0.273626
0.227686
0.246980
0.236866
0.241864
0.193525
0.211755
0.189251
0.190902
0.226222
0.239282
0.228037
0.220039
0.251837
0.248525
0.245750
0.245153
0.239547
0.250913
0.199483
0.195448
0.194321
0.196593
0.233311
0.241156
0.176868
0.175284
0.259380
0.296935
0.292605
0.273407
0.269246
0.274246
0.283821
0.271287
========================86===============
0.287764
0.292430
0.270039
0.277320
0.270130
0.276786
0.289642
0.288228
0.280412
0.273653
0.272558
0.262203
0.294410
0.294664
0.286553
0.287625
0.214483
0.229369
0.275981
0.278870
0.256210
0.253360
0.183284
0.188612
0.184161
0.199604
0.212641
0.230236
0.217652
0.251434
0.226051
0.218223
0.285987
0.288002
0.286054
0.278989
0.285443
0.285055
0.280224
0.266338
0.279089
0.269769
0.220230
0.234706
0.266252
0.269513
0.260974
0.283172
0.257038
0.269050
0.271946
0.269539
0.243446
0.244467
0.265177
0.251106
0.231978
0.207518
0.225517
0.234939
0.297126
0.294962
0.291673
0.286359
0.315397
0.317215
0.302399
0.293962
0.303867
0.298149
0.284405
0.282270
0.283131
0.273324
0.295549
0.288513
0.223583
0.224138
0.215380
0.215359
0.266155
0.274301
0.296044
0.274379
0.285877
0.273725
0.226657
0.246905
0.236867
0.241789
0.193132
0.211223
0.189180
0.190668
0.225984
0.239398
0.227881
0.220301
0.251021
0.247173
0.244758
0.244846
0.239203
0.250514
0.199361
0.195631
0.193822
0.196436
0.231611
0.239741
0.178013
0.174775
0.259273
0.295289
0.292030
0.273441
0.269012
0.273548
0.278915
0.267259
========================87===============
0.287529
0.292320
0.269817
0.276997
0.270056
0.276098
0.289693
0.287980
0.280540
0.273602
0.272798
0.262421
0.293062
0.294423
0.286416
0.287174
0.213460
0.228440
0.275886
0.278391
0.257421
0.253972
0.183762
0.189150
0.184357
0.199683
0.212960
0.230523
0.219133
0.252643
0.227221
0.218001
0.285589
0.286659
0.286260
0.279185
0.285381
0.285025
0.280354
0.265433
0.279057
0.269699
0.221577
0.235807
0.269553
0.268087
0.260816
0.283210
0.257431
0.269554
0.271603
0.269566
0.243712
0.244704
0.265062
0.251146
0.231837
0.207206
0.225839
0.235021
0.296839
0.294865
0.291576
0.286497
0.315002
0.316297
0.302342
0.293587
0.304187
0.298203
0.284645
0.282311
0.282955
0.273186
0.295330
0.288255
0.223668
0.224340
0.215031
0.215230
0.266338
0.274479
0.295111
0.273560
0.285857
0.273331
0.227529
0.246470
0.236886
0.241641
0.193605
0.211860
0.189305
0.190654
0.226073
0.239299
0.227738
0.220018
0.252517
0.248517
0.245991
0.245251
0.239491
0.250731
0.199293
0.195547
0.193960
0.196344
0.233397
0.242025
0.176605
0.174565
0.259971
0.295276
0.293539
0.273503
0.269000
0.274424
0.281177
0.273478
========================88===============
