===========281032================
========================11===============
0.341877
0.352775
0.367366
0.349747
0.317886
0.314264
0.301464
0.327993
0.308247
0.300504
0.286889
0.260270
0.330430
0.326073
0.378328
0.362076
0.218030
0.200693
0.373811
0.366059
0.319961
0.309584
0.196058
0.187627
0.194066
0.185985
0.216071
0.202274
0.240222
0.226238
0.219403
0.216759
0.349068
0.347034
0.332725
0.323662
0.351591
0.352576
0.356221
0.377287
0.253459
0.255814
0.223128
0.220213
0.264711
0.265422
0.260237
0.294059
0.307015
0.338643
0.278652
0.285335
0.282639
0.309224
0.237503
0.241236
0.219619
0.215022
0.232458
0.228230
0.340336
0.350604
0.378373
0.370172
0.322670
0.311293
0.288688
0.285743
0.301782
0.305829
0.374117
0.373483
0.375474
0.370720
0.304432
0.293625
0.310416
0.304636
0.304152
0.300268
0.327799
0.328935
0.324688
0.317386
0.275536
0.246796
0.239286
0.243203
0.204603
0.202152
0.195046
0.194311
0.185179
0.184810
0.193319
0.187563
0.182647
0.181965
0.331397
0.291506
0.284926
0.273938
0.204294
0.198154
0.185729
0.182714
0.192793
0.186095
0.188834
0.187017
0.200163
0.196221
0.315373
0.330127
0.344026
0.254410
0.237720
0.301092
0.251731
0.248928
========================12===============
0.341701
0.352438
0.367311
0.349657
0.317890
0.314226
0.301087
0.328545
0.308181
0.300730
0.286776
0.260327
0.330267
0.325957
0.377843
0.361491
0.217388
0.202388
0.373835
0.366746
0.319599
0.309186
0.196546
0.187774
0.193931
0.185992
0.216767
0.202344
0.240796
0.227334
0.219492
0.216440
0.348294
0.346465
0.332587
0.323857
0.351508
0.352944
0.356303
0.377557
0.253357
0.256334
0.223063
0.218926
0.265197
0.266216
0.260208
0.294096
0.306686
0.338396
0.278543
0.285052
0.282109
0.308647
0.237436
0.241344
0.219785
0.215166
0.232710
0.228425
0.340156
0.350389
0.378525
0.370910
0.322502
0.311518
0.288604
0.285828
0.301050
0.305188
0.374064
0.373402
0.374862
0.370111
0.304213
0.293399
0.310237
0.304328
0.303944
0.300794
0.327641
0.327971
0.324295
0.315765
0.275610
0.246965
0.240013
0.243751
0.204786
0.202531
0.194960
0.194322
0.185198
0.185114
0.193117
0.187565
0.182697
0.181894
0.327161
0.290614
0.284712
0.273886
0.205041
0.198648
0.186373
0.182654
0.193057
0.185744
0.189888
0.187339
0.200871
0.198524
0.312673
0.329959
0.343839
0.254471
0.234864
0.299632
0.252756
0.248986
========================13===============
0.341294
0.351998
0.366990
0.349369
0.317420
0.314070
0.300577
0.327526
0.307655
0.300323
0.286880
0.259993
0.330088
0.325695
0.377311
0.360984
0.218563
0.201547
0.373792
0.366871
0.319068
0.309228
0.196969
0.187860
0.193957
0.185928
0.216964
0.202833
0.240482
0.226830
0.218984
0.216166
0.348924
0.347215
0.331680
0.323200
0.350674
0.352086
0.355091
0.377373
0.253425
0.255987
0.223431
0.219455
0.265222
0.265775
0.259890
0.293582
0.307029
0.338189
0.278300
0.284861
0.282708
0.308884
0.237191
0.241277
0.219660
0.215210
0.232341
0.228354
0.339305
0.349746
0.377325
0.369594
0.321769
0.310241
0.288142
0.285088
0.301081
0.305097
0.373345
0.373030
0.374421
0.369428
0.303708
0.293066
0.310243
0.304508
0.303845
0.300924
0.328493
0.327758
0.324465
0.315449
0.275631
0.246853
0.239896
0.244178
0.204764
0.202365
0.194945
0.194268
0.185044
0.184979
0.192875
0.187484
0.182906
0.181797
0.325990
0.291320
0.284003
0.273261
0.205027
0.199120
0.186389
0.182341
0.193715
0.186176
0.190827
0.186379
0.196920
0.197587
0.312757
0.328216
0.342813
0.253846
0.238818
0.301654
0.256217
0.248824
========================14===============
0.340550
0.351768
0.366711
0.349414
0.316930
0.313801
0.300715
0.327187
0.307469
0.299924
0.286857
0.260432
0.330050
0.325186
0.376695
0.360352
0.216660
0.201274
0.373279
0.366182
0.319390
0.309430
0.196028
0.187532
0.193740
0.185959
0.215741
0.202278
0.240682
0.226358
0.219074
0.216606
0.348192
0.346247
0.331612
0.322892
0.350484
0.351734
0.355159
0.377338
0.252893
0.255784
0.223886
0.218836
0.263877
0.263089
0.259899
0.293616
0.306913
0.338205
0.278017
0.284811
0.282735
0.308858
0.237023
0.240841
0.219563
0.215062
0.231982
0.227874
0.338818
0.349222
0.377094
0.369130
0.322272
0.311024
0.288388
0.285548
0.301204
0.305395
0.373253
0.372992
0.373844
0.368952
0.303435
0.292744
0.309834
0.304425
0.304112
0.301499
0.327126
0.326721
0.324075
0.315891
0.275440
0.246749
0.238978
0.243219
0.204558
0.202074
0.195016
0.194336
0.185096
0.184692
0.193355
0.187464
0.182943
0.181882
0.336138
0.292814
0.283160
0.271923
0.204108
0.198422
0.186021
0.182668
0.193521
0.186922
0.189943
0.186756
0.197736
0.196222
0.318603
0.328010
0.342592
0.254812
0.240514
0.302327
0.255547
0.246731
========================15===============
0.340619
0.351735
0.366866
0.349449
0.317484
0.313938
0.300707
0.327215
0.307640
0.299945
0.286805
0.260597
0.329781
0.324837
0.376610
0.360263
0.218586
0.200210
0.373528
0.365813
0.319008
0.309366
0.196172
0.187921
0.193809
0.185951
0.216276
0.202741
0.240611
0.226423
0.219176
0.216174
0.348019
0.346173
0.331609
0.322667
0.351160
0.351923
0.355947
0.377410
0.253081
0.255765
0.223796
0.219940
0.264157
0.263431
0.260050
0.293465
0.306382
0.337919
0.278340
0.284979
0.282467
0.308410
0.237137
0.240641
0.219954
0.215268
0.232038
0.228165
0.339736
0.349339
0.378483
0.370759
0.322530
0.311366
0.288274
0.285486
0.301113
0.305111
0.373553
0.373063
0.374234
0.369540
0.303401
0.292895
0.309457
0.304335
0.303864
0.300124
0.326973
0.327631
0.324161
0.316081
0.275723
0.246765
0.238846
0.243220
0.204663
0.201992
0.194957
0.194160
0.185133
0.184791
0.193274
0.187702
0.182535
0.182145
0.339347
0.297666
0.284373
0.273297
0.204299
0.198460
0.185555
0.182711
0.192752
0.186128
0.189095
0.187092
0.204340
0.201025
0.320316
0.329448
0.343525
0.255317
0.237548
0.298738
0.253174
0.250597
========================16===============
0.340718
0.352129
0.366982
0.349387
0.317872
0.314074
0.300595
0.327052
0.307743
0.300043
0.286299
0.260632
0.329905
0.324829
0.377038
0.360602
0.217951
0.201227
0.373403
0.365940
0.318874
0.309143
0.196128
0.188051
0.193937
0.185760
0.216197
0.202728
0.240047
0.226540
0.219258
0.216315
0.347779
0.345986
0.331382
0.322422
0.350913
0.351894
0.356419
0.377505
0.253643
0.256251
0.223267
0.220203
0.265220
0.265038
0.260208
0.293866
0.306595
0.338101
0.278392
0.285039
0.282371
0.308898
0.237568
0.241410
0.219743
0.215071
0.232202
0.228065
0.339654
0.349521
0.378722
0.370482
0.322496
0.310682
0.288552
0.285147
0.301650
0.305092
0.373864
0.373135
0.374495
0.369770
0.303455
0.292950
0.309682
0.303813
0.303823
0.299659
0.327101
0.328299
0.324086
0.316104
0.275695
0.246681
0.238975
0.242959
0.204738
0.202264
0.194825
0.194303
0.185003
0.184999
0.193302
0.187667
0.182803
0.181978
0.329200
0.288198
0.284355
0.273759
0.204152
0.198145
0.185985
0.182783
0.192798
0.186028
0.188854
0.186864
0.199686
0.195300
0.311445
0.329273
0.343458
0.254974
0.237309
0.299124
0.251044
0.249261
========================17===============
0.340959
0.351862
0.367293
0.349420
0.318118
0.314003
0.300576
0.327339
0.308008
0.300211
0.286581
0.260259
0.329520
0.325003
0.377442
0.360853
0.216223
0.201368
0.373359
0.366037
0.318612
0.308173
0.196670
0.187950
0.193567
0.185567
0.216253
0.202256
0.240339
0.226792
0.218915
0.216439
0.347407
0.345766
0.330979
0.322173
0.350804
0.351887
0.355670
0.377274
0.253032
0.255948
0.223388
0.218791
0.265280
0.266034
0.260055
0.294090
0.306563
0.338470
0.278403
0.285056
0.282425
0.309082
0.237524
0.241637
0.219847
0.215237
0.232195
0.228307
0.339866
0.349699
0.378877
0.370886
0.322404
0.310669
0.288624
0.285236
0.301770
0.305156
0.373704
0.372909
0.374721
0.370129
0.303205
0.292744
0.309474
0.303605
0.303123
0.300023
0.326052
0.327094
0.324356
0.315174
0.275596
0.246593
0.239332
0.243451
0.204685
0.202512
0.194861
0.194443
0.185165
0.185043
0.192980
0.187499
0.182962
0.181860
0.329561
0.290770
0.283909
0.273223
0.204733
0.198490
0.185879
0.182472
0.192685
0.185676
0.189851
0.186891
0.197832
0.198707
0.312113
0.328759
0.343370
0.254747
0.237738
0.301639
0.253051
0.249975
========================18===============
0.341307
0.352349
0.367328
0.349358
0.318018
0.314175
0.300575
0.327233
0.308175
0.300348
0.286872
0.259924
0.329769
0.325389
0.377404
0.360985
0.217967
0.201237
0.373598
0.366183
0.318219
0.308072
0.196762
0.188019
0.193789
0.185791
0.216640
0.202869
0.240825
0.226730
0.219706
0.216130
0.348514
0.346570
0.331051
0.322313
0.350327
0.351777
0.354816
0.377169
0.253362
0.255910
0.223793
0.219294
0.265332
0.265394
0.260039
0.294320
0.306835
0.338577
0.278360
0.285135
0.282760
0.309359
0.237428
0.241747
0.219733
0.214947
0.232303
0.228406
0.339851
0.350178
0.378675
0.370527
0.322111
0.309745
0.288701
0.285050
0.301897
0.305220
0.373475
0.372579
0.374989
0.370043
0.303231
0.292878
0.309612
0.304015
0.302897
0.300562
0.327037
0.326711
0.324740
0.315005
0.275997
0.246664
0.239698
0.243726
0.204870
0.202380
0.194799
0.194291
0.185051
0.185026
0.192756
0.187206
0.182963
0.181708
0.326560
0.291179
0.284094
0.273584
0.205037
0.198889
0.186116
0.182334
0.194262
0.186477
0.190838
0.186466
0.196693
0.200262
0.309813
0.328650
0.342907
0.253886
0.238785
0.302427
0.258572
0.250450
========================19===============
0.341355
0.352231
0.366935
0.348990
0.317772
0.313911
0.301006
0.327435
0.308260
0.300093
0.287368
0.260401
0.330629
0.325338
0.376927
0.360807
0.217213
0.200993
0.373518
0.365914
0.318183
0.307720
0.196857
0.187912
0.193715
0.185737
0.216903
0.203102
0.241249
0.227027
0.219855
0.215954
0.348490
0.346524
0.331056
0.322560
0.350481
0.351978
0.355462
0.377444
0.253232
0.256421
0.224420
0.218863
0.265876
0.265226
0.260120
0.294050
0.306951
0.338798
0.278342
0.285066
0.282790
0.309538
0.237357
0.241574
0.219155
0.215009
0.232216
0.228425
0.339777
0.349866
0.378665
0.370017
0.322666
0.310293
0.288868
0.285708
0.302018
0.305579
0.373775
0.373107
0.374576
0.370112
0.303279
0.292978
0.309868
0.304098
0.303292
0.300732
0.326918
0.326547
0.324623
0.315578
0.275842
0.246664
0.240039
0.243951
0.204857
0.202329
0.194727
0.194066
0.184856
0.184904
0.193106
0.187302
0.182860
0.181804
0.332735
0.293367
0.282936
0.273254
0.204719
0.198432
0.185957
0.182384
0.194424
0.187047
0.190483
0.186855
0.194894
0.198062
0.313586
0.329058
0.342502
0.254201
0.240450
0.303400
0.258287
0.252291
========================20===============
0.341049
0.351926
0.366802
0.348871
0.317312
0.313660
0.301313
0.327454
0.308293
0.300345
0.287063
0.260707
0.330477
0.325298
0.376320
0.360129
0.216493
0.201235
0.373198
0.365222
0.317490
0.307877
0.196291
0.187967
0.193689
0.185806
0.215532
0.203318
0.240988
0.226388
0.219558
0.215743
0.348240
0.346975
0.330771
0.321817
0.350384
0.351457
0.355111
0.377028
0.252755
0.255996
0.224842
0.219615
0.264797
0.262796
0.260102
0.294000
0.306853
0.338664
0.278205
0.285122
0.282995
0.309319
0.237084
0.241188
0.219451
0.215176
0.232149
0.227861
0.339288
0.349290
0.377893
0.368784
0.322915
0.310758
0.288703
0.285806
0.301873
0.305351
0.373462
0.372747
0.374212
0.369460
0.303301
0.293027
0.309675
0.304516
0.303395
0.300498
0.326787
0.326386
0.324571
0.316543
0.275391
0.246592
0.239360
0.243358
0.204601
0.202095
0.194881
0.194213
0.185093
0.184647
0.193401
0.187512
0.182996
0.182070
0.337584
0.297660
0.282413
0.271898
0.204369
0.198482
0.185857
0.182526
0.193216
0.186644
0.189694
0.187077
0.200011
0.199548
0.321105
0.328916
0.342931
0.255643
0.243761
0.303335
0.253408
0.248469
========================21===============
0.340883
0.352020
0.366796
0.348917
0.317071
0.313481
0.300799
0.327032
0.308145
0.299932
0.286748
0.259818
0.330323
0.325614
0.376462
0.360141
0.217111
0.200427
0.373303
0.365046
0.317435
0.307744
0.196067
0.187962
0.193306
0.185651
0.214282
0.202691
0.240285
0.226047
0.219303
0.215818
0.348544
0.347040
0.331023
0.321936
0.350491
0.351218
0.356004
0.377735
0.252904
0.256204
0.224555
0.219804
0.264311
0.263099
0.259981
0.293597
0.307043
0.338469
0.278374
0.285104
0.283039
0.309082
0.237222
0.240969
0.219963
0.215137
0.231700
0.227991
0.339218
0.349149
0.377653
0.368704
0.322969
0.310742
0.288869
0.285718
0.301727
0.305384
0.373126
0.372437
0.374252
0.369636
0.302850
0.292668
0.309234
0.303735
0.302971
0.299793
0.326395
0.326884
0.324967
0.316742
0.275546
0.246645
0.239200
0.242985
0.204769
0.202156
0.194953
0.194031
0.185066
0.184745
0.193401
0.187840
0.182796
0.182055
0.339842
0.297580
0.283755
0.272536
0.203869
0.198572
0.185865
0.182904
0.193489
0.186491
0.189130
0.186628
0.202931
0.201215
0.320133
0.329621
0.343531
0.255840
0.238417
0.297438
0.249724
0.248310
========================22===============
0.340635
0.351756
0.366890
0.348843
0.317120
0.313007
0.300451
0.326626
0.307918
0.300072
0.286821
0.259649
0.330202
0.324797
0.376665
0.360158
0.216684
0.199567
0.373517
0.365295
0.317242
0.307147
0.196696
0.188226
0.193587
0.185401
0.214730
0.202902
0.240533
0.226483
0.219539
0.215341
0.347391
0.345629
0.330805
0.321855
0.350345
0.351048
0.355102
0.376668
0.252818
0.256484
0.223177
0.219245
0.264717
0.263912
0.259718
0.293512
0.306324
0.338188
0.278420
0.285103
0.282483
0.308889
0.237566
0.240797
0.219659
0.215017
0.231581
0.227865
0.339279
0.348991
0.377676
0.368768
0.322743
0.310924
0.288884
0.285469
0.301543
0.305082
0.372806
0.372062
0.374296
0.369258
0.302323
0.292049
0.308854
0.303184
0.301894
0.299141
0.325317
0.326422
0.325205
0.317057
0.275670
0.246908
0.239228
0.243236
0.204608
0.202081
0.194838
0.194143
0.184884
0.184692
0.193318
0.187780
0.182804
0.181956
0.327920
0.290697
0.283839
0.272900
0.203857
0.198348
0.185909
0.182651
0.193627
0.186423
0.189419
0.186831
0.201509
0.198913
0.316595
0.329524
0.344135
0.255582
0.238399
0.299748
0.249777
0.249831
========================23===============
0.340125
0.351430
0.366405
0.348436
0.316642
0.312695
0.300155
0.326543
0.307733
0.300013
0.286327
0.259335
0.329964
0.325091
0.376510
0.359821
0.216846
0.199289
0.372966
0.364954
0.316525
0.306815
0.196761
0.188071
0.193107
0.185477
0.214315
0.202513
0.239291
0.226434
0.218920
0.215718
0.347566
0.345808
0.330050
0.321321
0.350031
0.350959
0.354486
0.376537
0.252330
0.255711
0.222244
0.219554
0.263205
0.263389
0.259501
0.293183
0.305934
0.338110
0.278130
0.284760
0.282368
0.308760
0.237484
0.240785
0.219402
0.214811
0.231376
0.227802
0.338913
0.348784
0.377134
0.368685
0.322483
0.310586
0.288904
0.285479
0.301114
0.304741
0.372236
0.371939
0.373398
0.368418
0.301922
0.291930
0.308484
0.302643
0.301244
0.299159
0.325090
0.326910
0.323938
0.315355
0.275359
0.246451
0.238830
0.242674
0.204329
0.202002
0.194879
0.194210
0.185031
0.184927
0.193234
0.187650
0.182876
0.182047
0.325989
0.290268
0.284117
0.273151
0.203774
0.198149
0.185969
0.182707
0.193113
0.186289
0.188914
0.186947
0.202260
0.199250
0.315096
0.328768
0.343924
0.255079
0.238655
0.301671
0.249100
0.250304
========================24===============
0.339852
0.351251
0.365539
0.347580
0.316293
0.312329
0.300144
0.326323
0.307838
0.299936
0.285918
0.259115
0.329830
0.324794
0.376386
0.359583
0.217313
0.199712
0.372006
0.364102
0.315653
0.306105
0.196478
0.187822
0.193340
0.185460
0.214390
0.202325
0.239654
0.226531
0.219027
0.215886
0.347820
0.346057
0.329892
0.320959
0.349701
0.350854
0.353649
0.375724
0.252100
0.254989
0.223155
0.219038
0.264091
0.264415
0.259024
0.292555
0.305357
0.337441
0.277656
0.284512
0.281626
0.308280
0.236781
0.240441
0.219196
0.214639
0.231299
0.227659
0.338635
0.348454
0.376450
0.368387
0.322216
0.310373
0.288754
0.285342
0.300755
0.304414
0.371696
0.371250
0.372733
0.367929
0.302202
0.291766
0.308670
0.302613
0.301318
0.298983
0.325119
0.326831
0.323704
0.315112
0.274798
0.246139
0.239064
0.242667
0.204249
0.201911
0.194720
0.194228
0.184857
0.184791
0.193296
0.187778
0.182845
0.181981
0.325441
0.289457
0.283729
0.272642
0.204047
0.197848
0.185784
0.182552
0.192697
0.186179
0.188983
0.186655
0.201960
0.197518
0.313006
0.328195
0.343053
0.254712
0.240548
0.300738
0.251107
0.249673
========================25===============
0.339940
0.351098
0.365780
0.347672
0.316249
0.312409
0.300079
0.326042
0.307606
0.299810
0.286137
0.259509
0.329652
0.324375
0.375808
0.359428
0.217566
0.200351
0.372296
0.364177
0.315313
0.305870
0.196996
0.187833
0.193414
0.185496
0.215888
0.202877
0.239788
0.226564
0.219532
0.215563
0.347825
0.346254
0.329658
0.320850
0.349619
0.350556
0.353658
0.375894
0.252017
0.254969
0.223165
0.219304
0.264012
0.264816
0.259272
0.293083
0.306107
0.337783
0.277912
0.284716
0.282054
0.308834
0.237176
0.240863
0.219364
0.214745
0.231422
0.227842
0.338503
0.348269
0.376757
0.368646
0.322260
0.310379
0.288370
0.284964
0.300920
0.304616
0.371725
0.371611
0.373033
0.368368
0.302165
0.292160
0.308825
0.302924
0.301738
0.299376
0.325447
0.326801
0.323664
0.314857
0.275035
0.245947
0.239183
0.243017
0.204297
0.202036
0.194647
0.194190
0.184907
0.184882
0.193123
0.187616
0.182588
0.181834
0.327670
0.290528
0.283505
0.272506
0.204085
0.198243
0.185415
0.182628
0.192488
0.186041
0.188677
0.186508
0.198731
0.196722
0.314126
0.327105
0.342685
0.254999
0.238815
0.296956
0.251732
0.246637
========================26===============
0.339921
0.351176
0.365783
0.347830
0.316124
0.312405
0.299898
0.325932
0.307214
0.299759
0.286353
0.259511
0.329367
0.324062
0.375283
0.359124
0.215507
0.201532
0.372438
0.364361
0.315671
0.305599
0.196508
0.187503
0.193356
0.185415
0.214426
0.202639
0.240131
0.226839
0.219294
0.216056
0.346801
0.345322
0.329604
0.320669
0.349445
0.350349
0.354154
0.376044
0.252198
0.255226
0.223017
0.219415
0.264220
0.263612
0.259358
0.293066
0.306281
0.337667
0.277736
0.284615
0.282165
0.308959
0.237123
0.241000
0.219293
0.214734
0.231393
0.227739
0.338236
0.348298
0.376433
0.368112
0.322378
0.310130
0.288420
0.285042
0.301308
0.304734
0.371501
0.371330
0.373397
0.368379
0.301912
0.291724
0.308499
0.302780
0.301945
0.299796
0.324959
0.325612
0.323940
0.315321
0.274952
0.246162
0.239470
0.243502
0.204404
0.201976
0.194816
0.194212
0.184925
0.184854
0.193019
0.187454
0.182965
0.182061
0.327684
0.288947
0.283525
0.272073
0.203968
0.198260
0.186018
0.182553
0.192176
0.185792
0.189494
0.186175
0.200286
0.198818
0.314570
0.326763
0.342726
0.255166
0.240657
0.296179
0.252237
0.245656
========================27===============
0.339561
0.350961
0.365589
0.347738
0.315970
0.312354
0.299849
0.326296
0.306961
0.299617
0.285945
0.259609
0.329478
0.324579
0.374774
0.358629
0.217700
0.201087
0.372636
0.364622
0.315400
0.305748
0.196067
0.187485
0.193111
0.185455
0.213543
0.202328
0.240753
0.226656
0.219286
0.215813
0.347977
0.346284
0.329290
0.320590
0.349461
0.350385
0.352460
0.376255
0.252168
0.255444
0.223180
0.219278
0.264478
0.262312
0.259066
0.292571
0.306354
0.337947
0.277757
0.284698
0.282779
0.309306
0.237021
0.240853
0.219337
0.215030
0.231034
0.227522
0.338023
0.348249
0.376215
0.368565
0.322215
0.309637
0.288329
0.285030
0.301402
0.305177
0.371353
0.371360
0.372843
0.367826
0.302074
0.291740
0.308461
0.303448
0.302875
0.299773
0.326249
0.326282
0.324425
0.315111
0.275089
0.246129
0.239326
0.243365
0.204271
0.201952
0.194658
0.194196
0.185006
0.184809
0.192698
0.187419
0.183183
0.182068
0.326468
0.289899
0.283898
0.271966
0.203868
0.198469
0.185924
0.182370
0.193369
0.186190
0.189555
0.185709
0.198879
0.199291
0.315817
0.326857
0.342747
0.255035
0.243065
0.301794
0.253738
0.246891
========================28===============
0.339876
0.351050
0.365534
0.347739
0.316018
0.312723
0.300227
0.325981
0.307370
0.299449
0.286084
0.259605
0.329672
0.324758
0.375016
0.359050
0.217211
0.201392
0.372288
0.363933
0.315025
0.305522
0.195868
0.187568
0.193353
0.185452
0.213854
0.202682
0.240379
0.226147
0.219261
0.215930
0.348089
0.346227
0.329294
0.320212
0.348988
0.350316
0.352404
0.375527
0.251850
0.255405
0.223960
0.219418
0.263671
0.261974
0.259265
0.292747
0.306465
0.338057
0.277618
0.284659
0.282838
0.309149
0.236842
0.240826
0.218887
0.214688
0.231165
0.227635
0.338515
0.348487
0.375722
0.368263
0.321987
0.309300
0.288569
0.285200
0.301283
0.304967
0.371428
0.371454
0.372801
0.367831
0.302024
0.291769
0.308759
0.303161
0.302924
0.299576
0.325379
0.325773
0.324035
0.314914
0.275111
0.246154
0.238950
0.242859
0.204334
0.201975
0.194850
0.194017
0.184876
0.184710
0.192964
0.187385
0.183152
0.181961
0.330111
0.291315
0.282842
0.272328
0.203542
0.198091
0.185756
0.182391
0.194636
0.187279
0.190678
0.185963
0.195166
0.199854
0.314366
0.328020
0.342445
0.254701
0.245813
0.302935
0.255368
0.248282
========================29===============
0.339670
0.350902
0.365276
0.347627
0.316065
0.312775
0.300333
0.325948
0.307346
0.299426
0.286176
0.259775
0.329758
0.324758
0.374921
0.358766
0.217289
0.201273
0.371988
0.364060
0.314859
0.305573
0.196266
0.187846
0.193603
0.185570
0.214325
0.202784
0.240756
0.226316
0.219195
0.216275
0.347617
0.345624
0.329013
0.320372
0.348955
0.350016
0.352108
0.375293
0.252046
0.255334
0.224313
0.219317
0.264604
0.263043
0.259322
0.292921
0.306367
0.338027
0.278042
0.284842
0.283031
0.308937
0.236643
0.240629
0.219312
0.214633
0.231307
0.227636
0.338547
0.348292
0.376359
0.368387
0.322234
0.309937
0.288686
0.285357
0.301238
0.304723
0.371345
0.371170
0.372455
0.367817
0.301778
0.291812
0.308664
0.303191
0.302607
0.299058
0.324740
0.325418
0.324050
0.314916
0.275095
0.246411
0.238948
0.242973
0.204404
0.202052
0.194794
0.194115
0.184971
0.184638
0.193607
0.187792
0.182783
0.182016
0.336460
0.295453
0.282146
0.271795
0.203642
0.198026
0.185757
0.182669
0.193626
0.186893
0.190241
0.186836
0.203296
0.202457
0.317503
0.328845
0.342663
0.256393
0.242092
0.296301
0.253026
0.248235
========================30===============
0.339418
0.350625
0.365121
0.347562
0.316098
0.312787
0.300001
0.325842
0.307441
0.299591
0.286336
0.259833
0.329594
0.324273
0.374862
0.358553
0.216741
0.199949
0.371803
0.363684
0.314643
0.305395
0.196198
0.187903
0.193242
0.185299
0.214109
0.202698
0.239946
0.226145
0.219155
0.215904
0.347013
0.345153
0.329077
0.320620
0.349326
0.350261
0.352048
0.374414
0.251518
0.255386
0.223499
0.219060
0.263608
0.263108
0.259277
0.292807
0.306387
0.337905
0.278098
0.284943
0.282816
0.308977
0.237275
0.240708
0.219808
0.214709
0.230788
0.227104
0.338487
0.348289
0.376056
0.368207
0.322119
0.310022
0.288530
0.285279
0.300932
0.304423
0.371236
0.370928
0.372391
0.367921
0.301660
0.291422
0.308491
0.302807
0.301958
0.298712
0.324129
0.325404
0.323647
0.314678
0.275048
0.246294
0.238514
0.242301
0.204204
0.201980
0.194603
0.194066
0.184910
0.184590
0.193478
0.187840
0.182856
0.182172
0.335079
0.292181
0.282857
0.272134
0.203170
0.197779
0.185923
0.182786
0.193428
0.186777
0.189010
0.186749
0.202451
0.200781
0.318379
0.328572
0.343405
0.255622
0.239325
0.299124
0.249059
0.250128
========================31===============
0.339692
0.351083
0.365364
0.347575
0.316300
0.312895
0.299916
0.326265
0.307518
0.299877
0.285871
0.259522
0.329740
0.324632
0.375282
0.358965
0.217715
0.200355
0.372114
0.364390
0.315126
0.306011
0.196800
0.188286
0.193248
0.185324
0.214854
0.202451
0.239782
0.226534
0.218796
0.215905
0.347572
0.345680
0.329656
0.320931
0.349472
0.350754
0.352666
0.374608
0.252244
0.255360
0.222386
0.219761
0.264349
0.264414
0.259152
0.292396
0.306078
0.337847
0.277903
0.284705
0.282402
0.308973
0.237468
0.240857
0.219392
0.214630
0.231192
0.227552
0.338503
0.348534
0.376365
0.368714
0.321839
0.309958
0.288464
0.285339
0.300873
0.304294
0.371328
0.370890
0.372366
0.367536
0.302037
0.291814
0.308021
0.302324
0.300398
0.298423
0.324481
0.326378
0.323469
0.314685
0.274969
0.246092
0.238992
0.242717
0.204252
0.201918
0.194702
0.194235
0.184924
0.184858
0.193361
0.187678
0.182860
0.181940
0.324645
0.290511
0.283454
0.272830
0.203726
0.197992
0.185665
0.182588
0.192489
0.186099
0.188790
0.186436
0.202282
0.197888
0.314222
0.328357
0.343435
0.255535
0.241943
0.300621
0.247807
0.250543
========================32===============
0.339552
0.350893
0.365099
0.347522
0.315877
0.312746
0.299822
0.325477
0.306809
0.299524
0.285405
0.259333
0.329271
0.323988
0.374976
0.358938
0.216829
0.201186
0.371826
0.364140
0.314532
0.305259
0.196679
0.187576
0.193545
0.185460
0.214984
0.202631
0.239508
0.226590
0.218843
0.215717
0.346868
0.345188
0.328853
0.320340
0.349134
0.350364
0.352335
0.374706
0.251891
0.254888
0.222936
0.219300
0.264139
0.263836
0.259060
0.292618
0.306297
0.337568
0.277820
0.284454
0.282399
0.308698
0.236985
0.240735
0.219626
0.214813
0.231097
0.227506
0.338215
0.348313
0.376125
0.368072
0.321600
0.309500
0.288108
0.284992
0.300777
0.304081
0.370734
0.370469
0.372387
0.367551
0.301565
0.291467
0.308029
0.302268
0.301128
0.298929
0.324210
0.325639
0.323015
0.314219
0.274748
0.245867
0.238920
0.242928
0.204289
0.202040
0.194637
0.194172
0.184878
0.184880
0.192991
0.187384
0.182873
0.181916
0.327912
0.289851
0.283156
0.272188
0.203806
0.198154
0.185679
0.182426
0.192334
0.185852
0.189160
0.185754
0.199319
0.198503
0.315676
0.326750
0.342293
0.254900
0.239627
0.294865
0.251730
0.245054
========================33===============
0.339352
0.350780
0.365096
0.347625
0.316143
0.312822
0.299992
0.325600
0.306765
0.299494
0.285546
0.259802
0.328954
0.324081
0.374491
0.358444
0.216994
0.200743
0.371643
0.363978
0.314822
0.305264
0.196098
0.187612
0.193336
0.185288
0.213471
0.202461
0.240251
0.225980
0.218788
0.216111
0.347356
0.345866
0.328643
0.320245
0.348948
0.350087
0.352106
0.375493
0.251860
0.255287
0.222939
0.219012
0.263871
0.262004
0.259103
0.292572
0.306489
0.337690
0.277567
0.284423
0.282893
0.309025
0.237064
0.240819
0.219571
0.214751
0.230909
0.227066
0.338007
0.348114
0.375501
0.367679
0.321462
0.309030
0.287912
0.284967
0.301000
0.304819
0.371013
0.370788
0.372346
0.367494
0.302083
0.291546
0.308694
0.303438
0.302897
0.299826
0.325681
0.325493
0.323591
0.314761
0.274929
0.246123
0.238154
0.242809
0.204153
0.201821
0.194748
0.194016
0.184986
0.184595
0.192901
0.187477
0.183277
0.182140
0.327144
0.289599
0.283272
0.271450
0.203303
0.198073
0.185674
0.182356
0.193206
0.186493
0.189930
0.185525
0.193835
0.198411
0.316091
0.326057
0.342359
0.255560
0.246229
0.300574
0.251139
0.246700
========================34===============
0.339216
0.350866
0.365512
0.348439
0.315890
0.313039
0.299852
0.325358
0.306798
0.299132
0.285660
0.259580
0.329623
0.324195
0.374491
0.358850
0.215964
0.201095
0.372293
0.364325
0.316001
0.306717
0.195809
0.187504
0.193063
0.185261
0.213262
0.202707
0.239911
0.226093
0.218432
0.216125
0.347678
0.345636
0.329328
0.320394
0.349319
0.350413
0.353421
0.375858
0.251960
0.255315
0.224115
0.219039
0.264064
0.262444
0.259067
0.292401
0.306196
0.337787
0.277841
0.284425
0.283013
0.309254
0.236922
0.241039
0.218856
0.214686
0.230962
0.227268
0.338121
0.348119
0.376397
0.368423
0.322262
0.309861
0.288343
0.285278
0.301480
0.304896
0.371713
0.371656
0.372251
0.367963
0.301676
0.291356
0.308107
0.302929
0.301986
0.299099
0.324765
0.325109
0.324376
0.315189
0.275082
0.246240
0.238503
0.242526
0.204210
0.202048
0.194664
0.194010
0.184941
0.184750
0.193406
0.187680
0.183079
0.182073
0.335950
0.292599
0.281990
0.271372
0.203773
0.198165
0.186332
0.182492
0.194269
0.187398
0.189465
0.186195
0.195868
0.199271
0.318959
0.327451
0.342177
0.255645
0.247139
0.300028
0.252323
0.249396
========================35===============
0.339370
0.350636
0.365327
0.347899
0.315933
0.312312
0.299727
0.325531
0.306518
0.299070
0.285184
0.259565
0.329267
0.324215
0.374449
0.358606
0.215955
0.199836
0.371801
0.363925
0.316735
0.306377
0.196092
0.187428
0.192888
0.185245
0.213687
0.202069
0.239817
0.226252
0.218953
0.215606
0.346358
0.344542
0.329585
0.320771
0.349920
0.350723
0.353200
0.376118
0.251784
0.255598
0.223746
0.218536
0.263522
0.263053
0.259184
0.292482
0.305589
0.337614
0.277930
0.284468
0.282160
0.309075
0.236812
0.240738
0.218736
0.214595
0.230701
0.227212
0.338426
0.348002
0.377157
0.369242
0.322383
0.310229
0.288215
0.285353
0.301161
0.304947
0.372179
0.371936
0.372425
0.367880
0.301638
0.291306
0.308314
0.302599
0.301169
0.298556
0.324839
0.325349
0.323590
0.314619
0.274946
0.246338
0.238355
0.242800
0.203928
0.202044
0.194736
0.193918
0.184985
0.184672
0.193576
0.187811
0.182819
0.181969
0.336075
0.293564
0.281976
0.271408
0.203369
0.198353
0.185626
0.182749
0.192816
0.186504
0.188831
0.187145
0.206402
0.201754
0.318501
0.328062
0.342821
0.256252
0.239623
0.298855
0.250711
0.250573
========================36===============
0.340338
0.351387
0.365986
0.348361
0.316693
0.312993
0.299918
0.325729
0.306784
0.299592
0.285343
0.259391
0.329490
0.324691
0.375054
0.359170
0.217183
0.199303
0.372203
0.364621
0.317338
0.308368
0.196770
0.187887
0.193074
0.185350
0.214843
0.202658
0.240110
0.226475
0.218910
0.215396
0.347888
0.346173
0.330289
0.321633
0.350069
0.351023
0.353499
0.375671
0.252331
0.255507
0.223224
0.219936
0.264804
0.264272
0.259459
0.292662
0.306101
0.337901
0.278066
0.284757
0.282313
0.309418
0.237490
0.240983
0.219790
0.215021
0.231121
0.227753
0.339026
0.348936
0.377932
0.369887
0.322184
0.310495
0.288371
0.285255
0.301319
0.305063
0.372871
0.372246
0.373747
0.369310
0.302087
0.292053
0.308328
0.302370
0.300943
0.298109
0.325526
0.326565
0.323002
0.314740
0.275158
0.246393
0.238742
0.243219
0.204190
0.202102
0.194681
0.194172
0.185004
0.184838
0.193443
0.187681
0.182973
0.181982
0.326741
0.294101
0.283847
0.273508
0.203550
0.198120
0.185482
0.182457
0.193199
0.186848
0.188794
0.186635
0.199945
0.198027
0.316615
0.328358
0.343491
0.256291
0.244015
0.301574
0.247622
0.248298
========================37===============
0.340339
0.351235
0.365946
0.348385
0.316458
0.312838
0.299847
0.325324
0.306434
0.299489
0.285530
0.259590
0.329212
0.323574
0.375082
0.358970
0.216156
0.199763
0.372562
0.365087
0.316551
0.306835
0.196744
0.187712
0.193388
0.185648
0.215170
0.202783
0.240122
0.226774
0.219256
0.215553
0.346621
0.345210
0.329712
0.321141
0.349574
0.350842
0.353026
0.375236
0.252034
0.254945
0.223148
0.219811
0.264796
0.263638
0.259552
0.292940
0.306642
0.338036
0.278071
0.284726
0.282762
0.309582
0.237353
0.241150
0.219681
0.215203
0.230902
0.227738
0.338440
0.348527
0.377305
0.368938
0.322024
0.310180
0.287939
0.284979
0.301220
0.305041
0.372523
0.372207
0.373610
0.368980
0.302082
0.292111
0.308186
0.302697
0.301752
0.298458
0.325042
0.326252
0.322609
0.314643
0.274878
0.246371
0.238629
0.243516
0.204255
0.202226
0.194711
0.194037
0.185046
0.184901
0.193309
0.187556
0.182890
0.182111
0.326645
0.289443
0.283568
0.272414
0.203779
0.198552
0.185651
0.182589
0.191874
0.186010
0.188258
0.185948
0.202120
0.198289
0.317107
0.326616
0.342794
0.256803
0.241209
0.294963
0.246524
0.242837
========================38===============
0.339854
0.351105
0.365716
0.348444
0.316375
0.312884
0.299779
0.325761
0.306657
0.299388
0.285103
0.259716
0.328609
0.324187
0.374513
0.358893
0.216536
0.201100
0.372596
0.364731
0.317132
0.307313
0.195635
0.187278
0.193010
0.185354
0.213326
0.202369
0.239845
0.226080
0.218734
0.215992
0.348064
0.346125
0.329529
0.321044
0.349863
0.350651
0.352907
0.375740
0.251354
0.255167
0.223355
0.219030
0.263693
0.261816
0.259236
0.292646
0.306907
0.338014
0.277704
0.284302
0.283444
0.309455
0.237277
0.241099
0.219572
0.215439
0.230732
0.227288
0.338532
0.348367
0.376695
0.368564
0.322113
0.309890
0.287724
0.284960
0.300843
0.304955
0.371779
0.371914
0.372778
0.368395
0.302096
0.291777
0.308406
0.303129
0.302517
0.298925
0.326746
0.326712
0.323672
0.314951
0.274678
0.246113
0.237929
0.242669
0.204086
0.202034
0.194884
0.194030
0.185011
0.184836
0.192957
0.187476
0.183400
0.182140
0.329278
0.288262
0.283492
0.272082
0.203832
0.197845
0.186082
0.182340
0.193351
0.186635
0.189204
0.185163
0.194711
0.198025
0.316674
0.326036
0.342782
0.255901
0.245381
0.301151
0.247336
0.243829
========================39===============
0.339506
0.350889
0.365917
0.348117
0.316346
0.312403
0.299625
0.325367
0.306678
0.299146
0.285368
0.259208
0.329102
0.324242
0.374754
0.358829
0.216155
0.200817
0.372600
0.364479
0.317310
0.306240
0.195988
0.187440
0.193062
0.185318
0.213532
0.202163
0.240196
0.226264
0.219059
0.215589
0.347121
0.344853
0.329582
0.320649
0.349440
0.350581
0.352725
0.375420
0.251403
0.255153
0.223674
0.218116
0.263876
0.263574
0.259208
0.292971
0.306728
0.338114
0.278003
0.284569
0.282785
0.309212
0.236933
0.241144
0.219063
0.215114
0.231094
0.227507
0.338321
0.347830
0.376340
0.367834
0.322118
0.309657
0.288146
0.285251
0.300755
0.304852
0.372134
0.371527
0.372348
0.367891
0.301829
0.291497
0.308955
0.303151
0.302248
0.299493
0.324960
0.325058
0.323985
0.314949
0.274976
0.246363
0.238297
0.242824
0.204183
0.202148
0.194687
0.194065
0.184982
0.184893
0.193263
0.187615
0.183369
0.182053
0.332697
0.290567
0.282477
0.272119
0.204229
0.198296
0.186113
0.182668
0.194539
0.187271
0.189598
0.186072
0.197208
0.198596
0.313838
0.328036
0.342862
0.256369
0.244588
0.301828
0.251244
0.248697
========================40===============
0.339955
0.351064
0.366129
0.347877
0.316594
0.312391
0.300272
0.325966
0.307039
0.299484
0.285582
0.259068
0.329866
0.325131
0.375155
0.359042
0.217176
0.200205
0.372211
0.364300
0.317388
0.307215
0.196777
0.187860
0.193100
0.185636
0.214791
0.202541
0.240085
0.225940
0.218926
0.215620
0.348364
0.346252
0.330212
0.321413
0.350330
0.351119
0.352685
0.375392
0.251947
0.255477
0.223963
0.218948
0.264851
0.264177
0.259364
0.292868
0.305998
0.337740
0.278202
0.284693
0.282075
0.308750
0.237026
0.240814
0.218869
0.214866
0.230962
0.227519
0.338823
0.348478
0.376929
0.368349
0.322448
0.310567
0.288320
0.285883
0.300564
0.304694
0.372322
0.371399
0.373106
0.368262
0.301985
0.291724
0.308841
0.302832
0.300917
0.298423
0.325067
0.325276
0.323165
0.314789
0.274890
0.246333
0.238462
0.243012
0.204121
0.202053
0.194879
0.194116
0.184996
0.184721
0.193766
0.187855
0.182990
0.182048
0.332629
0.296862
0.282235
0.271991
0.203753
0.198444
0.185769
0.182886
0.193214
0.186809
0.189055
0.187034
0.202751
0.200279
0.315557
0.327974
0.342988
0.256162
0.244642
0.301902
0.250204
0.250244
========================41===============
0.339838
0.350878
0.365553
0.347497
0.316046
0.312479
0.300187
0.325997
0.306629
0.299619
0.285240
0.259277
0.329066
0.324021
0.375285
0.359266
0.216299
0.199512
0.371551
0.364101
0.316254
0.306032
0.196373
0.187497
0.193159
0.185564
0.214208
0.202534
0.239439
0.225878
0.218438
0.215735
0.347170
0.345540
0.330168
0.321114
0.349710
0.350871
0.351890
0.374138
0.251985
0.255107
0.223722
0.220336
0.264369
0.263175
0.259324
0.292690
0.305477
0.337100
0.277845
0.284753
0.281798
0.308851
0.237215
0.240759
0.219610
0.215308
0.231055
0.227635
0.338741
0.348562
0.375748
0.367450
0.321868
0.310015
0.288055
0.285421
0.300879
0.304749
0.371239
0.370681
0.373156
0.368317
0.301699
0.291879
0.308586
0.302681
0.301066
0.298594
0.324583
0.325779
0.322538
0.315086
0.274321
0.246117
0.238438
0.242775
0.204070
0.202162
0.194690
0.194179
0.184897
0.184908
0.193291
0.187553
0.182830
0.182076
0.330937
0.292864
0.283893
0.272633
0.203682
0.198298
0.185285
0.182446
0.191982
0.186087
0.188446
0.186042
0.202090
0.198225
0.317324
0.327025
0.342848
0.256004
0.241338
0.295911
0.247336
0.243831
========================42===============
0.339988
0.351264
0.365529
0.347864
0.315803
0.312895
0.300538
0.326921
0.306454
0.299741
0.284941
0.258950
0.328873
0.324525
0.375290
0.359550
0.216161
0.201093
0.371253
0.363549
0.315993
0.305847
0.195379
0.187324
0.193129
0.185341
0.212845
0.202248
0.239951
0.225672
0.218197
0.215835
0.348444
0.346455
0.329888
0.320839
0.349308
0.350410
0.352045
0.374909
0.251463
0.255453
0.223060
0.219000
0.263854
0.262574
0.259115
0.292506
0.306307
0.337830
0.277925
0.284491
0.282941
0.309584
0.237062
0.241026
0.219451
0.215089
0.230913
0.227419
0.338733
0.348870
0.375500
0.367670
0.321773
0.309622
0.287862
0.285450
0.301611
0.304987
0.371075
0.371053
0.372730
0.368109
0.301671
0.291312
0.309248
0.303444
0.303012
0.298948
0.326150
0.326573
0.323191
0.315088
0.274182
0.245946
0.237941
0.242606
0.204002
0.202090
0.194757
0.193984
0.185053
0.184833
0.192932
0.187601
0.183304
0.182063
0.329731
0.288812
0.283302
0.271954
0.203964
0.198151
0.185816
0.182457
0.193001
0.186593
0.188858
0.185026
0.195374
0.197928
0.316736
0.326164
0.342268
0.255604
0.245059
0.299399
0.247739
0.244570
========================43===============
0.340364
0.351406
0.365558
0.347922
0.316002
0.312928
0.300354
0.327168
0.306740
0.299943
0.285613
0.259011
0.329565
0.324914
0.375100
0.359747
0.215953
0.200253
0.370952
0.363436
0.316510
0.305793
0.195898
0.187695
0.193121
0.185655
0.213405
0.202179
0.239751
0.225873
0.218161
0.215477
0.347691
0.345830
0.329871
0.320750
0.349003
0.350448
0.353158
0.376021
0.251665
0.255551
0.223896
0.218428
0.263610
0.263816
0.259406
0.292885
0.306758
0.338702
0.277987
0.284641
0.282765
0.309666
0.237050
0.241295
0.218708
0.214571
0.231201
0.227475
0.338758
0.348900
0.375979
0.367748
0.321879
0.309670
0.288479
0.285563
0.301718
0.305172
0.372061
0.371737
0.372960
0.368573
0.302164
0.291636
0.309416
0.303558
0.302489
0.299313
0.324625
0.324966
0.324014
0.315146
0.274644
0.246227
0.238194
0.242753
0.203963
0.202180
0.194868
0.194035
0.184979
0.184845
0.193180
0.187644
0.183209
0.182010
0.333734
0.290548
0.282509
0.272694
0.203914
0.198181
0.185808
0.182490
0.194573
0.187271
0.189862
0.186120
0.196993
0.198324
0.314168
0.327892
0.342819
0.254816
0.243266
0.302243
0.252215
0.249023
========================44===============
0.340424
0.351414
0.365726
0.347962
0.316301
0.313045
0.300416
0.327220
0.307104
0.300251
0.285870
0.259264
0.329530
0.325140
0.375118
0.359412
0.217027
0.201016
0.371517
0.364298
0.316741
0.306466
0.196501
0.187745
0.193069
0.185594
0.214630
0.202100
0.240235
0.226321
0.218749
0.215460
0.347992
0.346166
0.330220
0.321418
0.350009
0.350933
0.353336
0.376248
0.252043
0.256069
0.224211
0.219139
0.264833
0.264621
0.259158
0.292509
0.306394
0.338179
0.278065
0.284671
0.282424
0.309281
0.236948
0.241136
0.218704
0.214396
0.231189
0.227512
0.338899
0.348743
0.376713
0.368159
0.322302
0.310456
0.288511
0.285766
0.301196
0.304884
0.372564
0.371922
0.373127
0.368724
0.301911
0.291596
0.309020
0.303070
0.301489
0.299011
0.324412
0.325107
0.323612
0.314712
0.274707
0.246476
0.238623
0.243210
0.204090
0.202125
0.194612
0.194215
0.185144
0.184802
0.193917
0.187945
0.183056
0.182105
0.336075
0.298379
0.282059
0.271605
0.204012
0.198323
0.186005
0.182949
0.193135
0.186810
0.189149
0.187055
0.202656
0.201199
0.317757
0.329390
0.342862
0.256106
0.245205
0.301632
0.249965
0.253050
========================45===============
0.339799
0.350830
0.365338
0.347458
0.315821
0.312386
0.299730
0.325876
0.306794
0.299492
0.285622
0.259027
0.329089
0.324000
0.374932
0.358826
0.216466
0.199619
0.371577
0.364004
0.315841
0.305670
0.196532
0.187472
0.193115
0.185835
0.214511
0.202272
0.239323
0.225774
0.218773
0.215263
0.347338
0.345432
0.329516
0.320710
0.349196
0.350183
0.352060
0.374921
0.252041
0.254868
0.222572
0.219919
0.263820
0.263634
0.258994
0.292144
0.305748
0.337771
0.277936
0.284543
0.281936
0.309068
0.237448
0.240867
0.219614
0.215067
0.230896
0.227529
0.338356
0.348316
0.375967
0.367318
0.321610
0.309419
0.287822
0.284718
0.300643
0.303871
0.371530
0.370763
0.372708
0.367738
0.301405
0.291467
0.308219
0.302658
0.300718
0.298616
0.324391
0.325817
0.322926
0.314531
0.274481
0.246109
0.238297
0.242564
0.203952
0.201959
0.194732
0.194166
0.185049
0.184908
0.193310
0.187587
0.182825
0.182001
0.327862
0.293394
0.283968
0.272885
0.203424
0.198405
0.185224
0.182387
0.192453
0.186105
0.188819
0.186132
0.202178
0.198456
0.316739
0.327336
0.343110
0.256187
0.240601
0.296801
0.248343
0.243989
========================46===============
0.339890
0.351135
0.365125
0.347185
0.315722
0.312097
0.299811
0.325583
0.306654
0.299296
0.285444
0.258894
0.328523
0.323868
0.374683
0.358475
0.215198
0.201431
0.371495
0.363162
0.316309
0.305416
0.195290
0.187366
0.192840
0.185613
0.213334
0.201715
0.239844
0.225655
0.218070
0.215809
0.347437
0.345565
0.329144
0.320108
0.348757
0.349788
0.351943
0.375116
0.251409
0.255354
0.223292
0.218861
0.263344
0.261680
0.258829
0.291991
0.306491
0.338092
0.277400
0.284106
0.282716
0.309317
0.236633
0.241081
0.218713
0.214592
0.230546
0.227456
0.338136
0.348414
0.375599
0.367462
0.321385
0.308867
0.287761
0.284464
0.301271
0.304704
0.371547
0.371325
0.372568
0.367435
0.301379
0.290914
0.308302
0.302685
0.302820
0.299564
0.324460
0.325530
0.322848
0.314027
0.274098
0.245693
0.237893
0.242657
0.203856
0.201880
0.194784
0.194140
0.185112
0.184818
0.193352
0.187616
0.183049
0.182069
0.324759
0.289834
0.282516
0.271251
0.203474
0.197889
0.185261
0.182431
0.192421
0.186305
0.188636
0.185684
0.198948
0.199226
0.317774
0.326369
0.342240
0.255072
0.244203
0.298308
0.249244
0.243397
========================47===============
0.340150
0.351345
0.365131
0.347472
0.315647
0.312198
0.299660
0.325144
0.306477
0.298835
0.285480
0.259276
0.328757
0.324118
0.374196
0.358044
0.216307
0.200181
0.371524
0.363336
0.316772
0.306465
0.195840
0.187423
0.193089
0.185776
0.214227
0.202316
0.240080
0.225864
0.218763
0.215623
0.346946
0.344945
0.328934
0.320161
0.348400
0.349086
0.351590
0.375063
0.251026
0.254812
0.223405
0.218347
0.263112
0.263570
0.258892
0.292075
0.307279
0.338679
0.277912
0.284454
0.283156
0.309597
0.236983
0.241490
0.218464
0.214456
0.230419
0.226924
0.338261
0.348182
0.376264
0.367364
0.321983
0.309494
0.287763
0.284928
0.301866
0.305004
0.372212
0.371731
0.372432
0.367835
0.301449
0.291262
0.308125
0.302684
0.302239
0.299278
0.323703
0.324460
0.323312
0.313943
0.274493
0.246085
0.238027
0.242636
0.203875
0.202027
0.194820
0.193982
0.184956
0.184735
0.193651
0.187876
0.183112
0.182044
0.325823
0.291352
0.282187
0.271739
0.203539
0.197634
0.185661
0.182632
0.193844
0.187292
0.189362
0.186288
0.200812
0.201341
0.318229
0.327019
0.342899
0.255205
0.243198
0.300309
0.250755
0.248792
========================48===============
0.341149
0.352086
0.365053
0.347151
0.315769
0.312154
0.299624
0.325089
0.306486
0.299041
0.285384
0.259238
0.328939
0.323683
0.375400
0.359050
0.216306
0.199936
0.370928
0.362680
0.316504
0.306117
0.196561
0.187748
0.193408
0.185774
0.214648
0.202089
0.239813
0.226646
0.218562
0.215835
0.346370
0.344663
0.329277
0.320455
0.348676
0.349213
0.353101
0.374550
0.252601
0.255924
0.222043
0.219112
0.264519
0.264517
0.259095
0.292263
0.307516
0.338745
0.277830
0.284397
0.282588
0.309373
0.237335
0.241111
0.218886
0.214596
0.231082
0.227676
0.338957
0.348912
0.377381
0.368441
0.322181
0.309280
0.288091
0.285102
0.302245
0.305059
0.372939
0.371873
0.373521
0.368239
0.301842
0.291706
0.308098
0.302380
0.301210
0.298235
0.324172
0.326187
0.322692
0.313679
0.274720
0.245839
0.238738
0.243120
0.204067
0.202145
0.194837
0.194173
0.185109
0.184942
0.193552
0.187741
0.182654
0.181859
0.327851
0.292679
0.283901
0.273122
0.203841
0.198272
0.185247
0.182372
0.191973
0.185743
0.188237
0.186700
0.203077
0.198257
0.313286
0.328410
0.343209
0.254951
0.238573
0.297873
0.248902
0.250503
========================49===============
0.341625
0.352667
0.366076
0.347965
0.316530
0.312679
0.300360
0.325481
0.306880
0.299123
0.285119
0.259191
0.329542
0.324285
0.376032
0.359998
0.218331
0.201080
0.371304
0.363159
0.316482
0.306330
0.196518
0.187296
0.193385
0.185562
0.215171
0.202039
0.240717
0.226624
0.218591
0.215543
0.348682
0.346234
0.329384
0.320672
0.348700
0.349915
0.353976
0.376118
0.252956
0.256061
0.223662
0.219522
0.265769
0.264309
0.259758
0.293246
0.308297
0.339514
0.278153
0.284802
0.283348
0.310100
0.237340
0.241637
0.219273
0.214738
0.231411
0.227893
0.339629
0.349737
0.377517
0.368316
0.322130
0.308596
0.288119
0.285079
0.302816
0.305961
0.373100
0.372339
0.374801
0.369338
0.302380
0.291896
0.308989
0.302966
0.302314
0.299376
0.326366
0.326754
0.323223
0.314312
0.274858
0.246018
0.238933
0.243667
0.204221
0.202502
0.194841
0.194142
0.185142
0.184978
0.192921
0.187423
0.183019
0.181668
0.329120
0.291853
0.283779
0.273317
0.203969
0.198247
0.185268
0.182159
0.193166
0.186516
0.189973
0.185793
0.196644
0.196314
0.315441
0.327055
0.342893
0.254401
0.240758
0.297827
0.251647
0.244428
========================50===============
0.340867
0.351851
0.366191
0.348244
0.316720
0.313341
0.300909
0.326640
0.307289
0.299766
0.286147
0.260086
0.329722
0.324768
0.375533
0.359801
0.216425
0.200815
0.372009
0.364029
0.316989
0.306683
0.196030
0.187502
0.193489
0.186016
0.214742
0.202380
0.240687
0.226069
0.219124
0.215754
0.348330
0.346417
0.330190
0.321401
0.349582
0.350958
0.353678
0.376331
0.251928
0.255986
0.223751
0.218804
0.263922
0.262399
0.259529
0.293132
0.307135
0.338529
0.278252
0.284921
0.283180
0.310197
0.237376
0.241370
0.219329
0.215040
0.231320
0.227792
0.339319
0.349560
0.376660
0.367667
0.322527
0.309467
0.288545
0.285835
0.302093
0.306055
0.372783
0.372054
0.373842
0.369317
0.302227
0.292333
0.309502
0.303622
0.303489
0.299309
0.325956
0.326021
0.323572
0.315311
0.275042
0.246572
0.238319
0.243207
0.204182
0.202443
0.194889
0.194075
0.184978
0.184729
0.193122
0.187434
0.183187
0.181977
0.333155
0.289754
0.282870
0.272371
0.204037
0.198428
0.185709
0.182480
0.193971
0.187186
0.189346
0.185628
0.195092
0.198687
0.317505
0.327042
0.342765
0.255732
0.245810
0.299971
0.253291
0.247752
========================51===============
0.340033
0.351332
0.365890
0.348457
0.316498
0.313515
0.300537
0.326252
0.307414
0.299800
0.286002
0.259649
0.329902
0.325247
0.375027
0.359303
0.215871
0.201025
0.372474
0.363963
0.317835
0.307007
0.195766
0.187419
0.193318
0.185605
0.213523
0.202070
0.239990
0.225687
0.218568
0.215412
0.348620
0.346576
0.330194
0.321504
0.349798
0.351195
0.354086
0.376566
0.252031
0.255879
0.223969
0.219552
0.264274
0.262475
0.259518
0.293038
0.306280
0.337642
0.278258
0.284781
0.282769
0.309412
0.237039
0.241052
0.219208
0.214850
0.231481
0.227975
0.338959
0.348637
0.376572
0.367524
0.322892
0.310337
0.289022
0.285917
0.301655
0.305257
0.372341
0.371973
0.373077
0.368508
0.301955
0.291789
0.309155
0.303259
0.302427
0.298983
0.325217
0.325563
0.324323
0.315484
0.275264
0.246668
0.238135
0.242814
0.204224
0.202182
0.194906
0.194074
0.185271
0.184776
0.193843
0.187664
0.183201
0.181981
0.338867
0.294346
0.282449
0.272138
0.204115
0.198139
0.186273
0.182316
0.194047
0.187128
0.189810
0.186367
0.194727
0.196239
0.318778
0.329206
0.343363
0.255866
0.246660
0.302195
0.252999
0.253576
========================52===============
0.339612
0.350681
0.366331
0.348633
0.316696
0.313175
0.300390
0.326477
0.307453
0.299862
0.286208
0.259828
0.330289
0.324964
0.374978
0.358898
0.216951
0.200896
0.372661
0.364942
0.318390
0.307931
0.196515
0.187836
0.193277
0.185535
0.214538
0.202097
0.240735
0.226620
0.219163
0.215587
0.348347
0.346030
0.330771
0.322356
0.350220
0.351527
0.354364
0.376472
0.252480
0.256374
0.223873
0.219109
0.264704
0.264196
0.259245
0.292693
0.306169
0.337516
0.278263
0.284868
0.282282
0.308562
0.236524
0.240548
0.218894
0.214658
0.231359
0.228013
0.339001
0.348179
0.377312
0.369069
0.323101
0.311550
0.288936
0.285958
0.300553
0.305110
0.372785
0.372247
0.372792
0.368104
0.302513
0.292069
0.309095
0.302923
0.301752
0.298808
0.325232
0.325517
0.324579
0.315927
0.275290
0.246832
0.238818
0.243492
0.204000
0.202177
0.194907
0.194144
0.185089
0.184885
0.193652
0.187541
0.183041
0.181950
0.336541
0.297666
0.281981
0.272283
0.204087
0.197811
0.186118
0.182614
0.194071
0.187019
0.190038
0.187144
0.198463
0.194901
0.315795
0.329484
0.343777
0.255996
0.242513
0.302872
0.252151
0.254431
========================53===============
0.339166
0.350127
0.366057
0.348792
0.316445
0.313236
0.300197
0.325893
0.307123
0.299757
0.285914
0.259724
0.329550
0.323886
0.374519
0.358572
0.215877
0.199093
0.372609
0.365708
0.316930
0.307775
0.196593
0.187600
0.193239
0.185706
0.214605
0.202751
0.240211
0.226252
0.219545
0.215748
0.347737
0.345512
0.330026
0.321976
0.349889
0.351068
0.353969
0.376659
0.252344
0.256021
0.224154
0.219018
0.264256
0.263510
0.259763
0.292922
0.306656
0.337177
0.278223
0.284854
0.283020
0.308641
0.236925
0.240473
0.219649
0.215005
0.231297
0.227647
0.338386
0.347960
0.376420
0.368523
0.322392
0.311106
0.288210
0.285435
0.300239
0.304504
0.371910
0.371554
0.372596
0.367726
0.301910
0.291618
0.308688
0.302791
0.301132
0.298865
0.325393
0.325437
0.323764
0.315003
0.275032
0.246669
0.238560
0.243271
0.204301
0.202086
0.195109
0.194036
0.185072
0.184752
0.193741
0.187645
0.183077
0.182140
0.332769
0.298366
0.282245
0.272085
0.204044
0.198499
0.186117
0.182708
0.193329
0.186619
0.189684
0.186988
0.205620
0.202849
0.320989
0.328113
0.343365
0.257093
0.241745
0.298142
0.252618
0.249138
========================54===============
0.338656
0.349682
0.365277
0.348384
0.315659
0.312660
0.299685
0.325000
0.306529
0.299340
0.285649
0.259698
0.328730
0.323066
0.374491
0.358064
0.214568
0.199405
0.372000
0.364865
0.316185
0.307229
0.196203
0.187519
0.193321
0.185812
0.213680
0.202725
0.240003
0.225900
0.219020
0.215555
0.346235
0.344918
0.329599
0.321428
0.349478
0.350480
0.351921
0.374790
0.251504
0.255160
0.222819
0.219027
0.262718
0.261689
0.259308
0.292106
0.305791
0.336796
0.278003
0.284664
0.282811
0.308613
0.236951
0.240100
0.220402
0.215086
0.230714
0.227314
0.337955
0.347590
0.375400
0.367764
0.322065
0.310520
0.287924
0.285016
0.300160
0.304206
0.370750
0.370484
0.372151
0.367112
0.301768
0.291383
0.307869
0.302692
0.301656
0.298131
0.324373
0.324683
0.322753
0.314669
0.274668
0.246462
0.237969
0.243092
0.204016
0.201969
0.195019
0.194142
0.185031
0.184665
0.193502
0.187766
0.183092
0.182299
0.337443
0.294871
0.283226
0.271132
0.202838
0.198005
0.185526
0.182959
0.192460
0.186391
0.189210
0.186309
0.201141
0.200078
0.324290
0.327813
0.343506
0.256379
0.242959
0.299439
0.247921
0.246510
========================55===============
0.338607
0.350176
0.365324
0.348554
0.315790
0.312978
0.299726
0.325431
0.306878
0.299554
0.285573
0.259869
0.328645
0.323654
0.374171
0.358175
0.215725
0.198279
0.372154
0.364937
0.315995
0.307859
0.195752
0.187702
0.193072
0.185480
0.213767
0.202600
0.239375
0.225537
0.219189
0.215548
0.347952
0.346296
0.329692
0.321537
0.349675
0.350484
0.353017
0.376010
0.251936
0.255152
0.222861
0.219741
0.262664
0.261829
0.259304
0.292278
0.306384
0.337442
0.278332
0.284724
0.282865
0.308738
0.237258
0.240262
0.220030
0.215173
0.230541
0.227286
0.338142
0.347686
0.375451
0.367742
0.322209
0.310503
0.287797
0.284889
0.300413
0.304185
0.370842
0.370678
0.371748
0.367117
0.302120
0.291474
0.308338
0.302640
0.301935
0.297888
0.325273
0.326884
0.323352
0.315165
0.274606
0.246285
0.237651
0.242316
0.203906
0.201906
0.194900
0.194170
0.184985
0.184707
0.193763
0.187799
0.182763
0.182303
0.333880
0.290274
0.283867
0.272271
0.203040
0.197804
0.185978
0.182788
0.192789
0.186448
0.188607
0.185973
0.201805
0.198188
0.320446
0.328120
0.344157
0.257109
0.240816
0.294325
0.248364
0.245643
========================56===============
0.338992
0.350235
0.365585
0.348653
0.316056
0.313071
0.299773
0.325372
0.307070
0.299703
0.285753
0.259953
0.329122
0.324176
0.374881
0.358800
0.215411
0.199115
0.372392
0.365007
0.315978
0.306663
0.196084
0.187843
0.193093
0.185243
0.213761
0.202474
0.239122
0.225827
0.219578
0.216054
0.347134
0.345108
0.329585
0.321317
0.349659
0.350807
0.354102
0.376314
0.252203
0.255327
0.221906
0.218973
0.262584
0.262893
0.259441
0.292584
0.306702
0.337993
0.278290
0.284944
0.283229
0.309244
0.237499
0.240835
0.220213
0.215091
0.230868
0.227615
0.338300
0.347658
0.375885
0.368215
0.322340
0.310511
0.288230
0.285038
0.300930
0.304685
0.371378
0.370913
0.371993
0.367230
0.301882
0.291296
0.308440
0.302483
0.301318
0.297908
0.324421
0.326333
0.323776
0.315470
0.275040
0.246563
0.237794
0.242419
0.203825
0.202057
0.194992
0.194086
0.184985
0.184977
0.193634
0.187865
0.183064
0.182166
0.326240
0.287831
0.283419
0.272272
0.203333
0.197998
0.186025
0.182771
0.192944
0.186527
0.188779
0.186508
0.200228
0.196562
0.316592
0.327863
0.344592
0.256393
0.241212
0.299744
0.248528
0.247722
========================57===============
0.339414
0.350510
0.366017
0.348629
0.316536
0.313196
0.300049
0.326133
0.307550
0.300266
0.286293
0.260172
0.329691
0.324683
0.375248
0.358935
0.216403
0.199517
0.372753
0.365702
0.315994
0.307226
0.196590
0.188251
0.193296
0.185391
0.214692
0.202377
0.239828
0.226411
0.219946
0.216123
0.347909
0.346145
0.329853
0.321621
0.349987
0.350985
0.354576
0.376391
0.252380
0.255034
0.222662
0.219364
0.263634
0.263824
0.259449
0.292830
0.306845
0.337914
0.278450
0.284929
0.282959
0.309178
0.237485
0.240971
0.220217
0.215184
0.231055
0.227790
0.338501
0.347960
0.376467
0.368579
0.322606
0.310744
0.288674
0.285219
0.300978
0.304475
0.371853
0.371170
0.372389
0.367603
0.301999
0.291684
0.308528
0.302453
0.300997
0.297683
0.325252
0.326490
0.323958
0.314998
0.275226
0.246699
0.238416
0.243285
0.204065
0.202318
0.194745
0.194286
0.185083
0.184988
0.193587
0.187819
0.183007
0.182088
0.328619
0.290406
0.283737
0.272619
0.203952
0.198090
0.185850
0.182601
0.192969
0.186444
0.188643
0.186529
0.201564
0.196759
0.317828
0.327449
0.344198
0.256838
0.243333
0.299761
0.248602
0.247927
========================58===============
0.339820
0.350817
0.366204
0.348758
0.317057
0.313179
0.300171
0.326036
0.307900
0.300206
0.286384
0.259796
0.329986
0.324588
0.375820
0.359551
0.216639
0.198614
0.373548
0.365714
0.316224
0.307368
0.196567
0.187749
0.193304
0.185559
0.214650
0.202544
0.239291
0.226283
0.219860
0.215941
0.347936
0.346041
0.329711
0.321379
0.350359
0.351239
0.355433
0.377219
0.252028
0.254630
0.222969
0.219021
0.263121
0.263184
0.259875
0.293266
0.307435
0.338333
0.278680
0.285152
0.283650
0.309852
0.237693
0.241273
0.220356
0.215327
0.231125
0.227916
0.338681
0.348160
0.377130
0.368755
0.322958
0.310607
0.288811
0.285224
0.301211
0.305078
0.372523
0.371789
0.372823
0.367957
0.302110
0.291616
0.308588
0.302696
0.301603
0.298340
0.326030
0.327007
0.324057
0.314990
0.275519
0.246518
0.238521
0.243323
0.204246
0.202433
0.194661
0.194157
0.184960
0.184939
0.193505
0.187698
0.182734
0.182098
0.326750
0.289610
0.283735
0.272576
0.203920
0.198305
0.185607
0.182631
0.192788
0.186371
0.188821
0.186224
0.199628
0.196264
0.318654
0.326706
0.343991
0.257049
0.242063
0.296283
0.249858
0.245763
========================59===============
0.340201
0.351074
0.366359
0.348786
0.317406
0.313483
0.300217
0.326060
0.308129
0.300254
0.286772
0.260003
0.329922
0.324120
0.375900
0.359638
0.215260
0.198781
0.373789
0.365887
0.316153
0.306787
0.196494
0.187925
0.193116
0.185692
0.214719
0.202989
0.239889
0.226474
0.220363
0.215555
0.346715
0.345337
0.329548
0.321260
0.350747
0.351599
0.354900
0.377035
0.252256
0.255089
0.222927
0.219531
0.263381
0.262740
0.260138
0.293903
0.307951
0.338633
0.278817
0.285509
0.283971
0.310016
0.237787
0.241424
0.220493
0.215619
0.231233
0.228088
0.338930
0.348667
0.377851
0.369370
0.323482
0.310825
0.289230
0.285477
0.301565
0.305534
0.373499
0.372615
0.373371
0.368611
0.302345
0.292165
0.309036
0.303070
0.301985
0.298307
0.325709
0.326705
0.324169
0.315864
0.275612
0.246820
0.238918
0.243770
0.204394
0.202424
0.194824
0.194118
0.185023
0.184921
0.193415
0.187634
0.183053
0.182101
0.329242
0.289340
0.283860
0.272748
0.203961
0.198501
0.185961
0.182636
0.192708
0.186428
0.188741
0.186535
0.200672
0.197250
0.320206
0.327031
0.344301
0.257370
0.244074
0.298937
0.250697
0.246721
========================60===============
0.340420
0.351131
0.366460
0.349026
0.317399
0.313568
0.300472
0.326472
0.308382
0.300221
0.286564
0.260075
0.329702
0.324925
0.375975
0.359634
0.215292
0.199580
0.373904
0.365507
0.316178
0.307423
0.195585
0.187822
0.193198
0.185430
0.213878
0.202835
0.239674
0.226201
0.220455
0.215743
0.348194
0.346791
0.329804
0.321259
0.350971
0.351673
0.355825
0.378081
0.252778
0.255128
0.222846
0.219847
0.262425
0.262076
0.260078
0.293886
0.307997
0.338682
0.278811
0.285571
0.284323
0.310012
0.237837
0.241370
0.220753
0.215623
0.231287
0.228033
0.338975
0.348915
0.377493
0.369354
0.323361
0.310906
0.289141
0.285721
0.301564
0.305282
0.373586
0.372862
0.373689
0.369099
0.302454
0.292153
0.308988
0.303229
0.302690
0.298714
0.326352
0.327294
0.324546
0.316284
0.275355
0.246759
0.238521
0.243304
0.204396
0.202410
0.194938
0.194136
0.184875
0.184848
0.193569
0.187671
0.183205
0.182281
0.327591
0.290877
0.284173
0.272748
0.203984
0.198416
0.186143
0.182932
0.192964
0.186548
0.188730
0.186350
0.199687
0.197599
0.321255
0.326923
0.344994
0.257811
0.245358
0.301252
0.250535
0.246978
========================61===============
0.339887
0.350828
0.366041
0.348893
0.317013
0.313472
0.299993
0.325606
0.307692
0.299802
0.285929
0.259597
0.329410
0.324357
0.375800
0.359563
0.215164
0.198276
0.373343
0.365029
0.315740
0.306909
0.195737
0.187940
0.193308
0.185268
0.214225
0.202687
0.239408
0.225651
0.220797
0.216220
0.347663
0.345988
0.329270
0.320631
0.350358
0.351120
0.355570
0.377596
0.252151
0.255332
0.222783
0.218637
0.262428
0.262151
0.259971
0.293518
0.307918
0.338730
0.278544
0.285284
0.284355
0.310002
0.237964
0.241522
0.220433
0.215636
0.231076
0.227927
0.338496
0.348428
0.377162
0.368738
0.322707
0.310438
0.288589
0.285156
0.301312
0.305072
0.372741
0.372309
0.373007
0.368625
0.301715
0.291437
0.308431
0.302612
0.301771
0.298148
0.325909
0.327526
0.324236
0.315708
0.275337
0.246780
0.238310
0.242898
0.204380
0.202452
0.194987
0.194122
0.185057
0.184906
0.193671
0.187833
0.183007
0.182276
0.328650
0.285876
0.283440
0.272280
0.203909
0.198247
0.186192
0.182809
0.192983
0.186502
0.188554
0.186342
0.201044
0.197120
0.318572
0.326634
0.344355
0.257425
0.240842
0.294782
0.248129
0.245835
========================62===============
0.339179
0.350434
0.365678
0.348603
0.316595
0.313067
0.299711
0.325394
0.307116
0.299641
0.285915
0.259250
0.329574
0.323981
0.375236
0.358932
0.215704
0.198033
0.373172
0.364996
0.315172
0.306289
0.196508
0.188285
0.192922
0.185217
0.214063
0.202548
0.239307
0.226258
0.220390
0.216361
0.346745
0.344923
0.328877
0.320693
0.350088
0.351030
0.354624
0.376863
0.251971
0.255191
0.222063
0.218270
0.262521
0.263344
0.259591
0.293047
0.307501
0.338331
0.278650
0.285212
0.283927
0.309650
0.237819
0.241310
0.220553
0.215431
0.230786
0.227864
0.338222
0.348011
0.377066
0.368827
0.322782
0.310481
0.288477
0.285270
0.301330
0.305011
0.372460
0.371977
0.372545
0.367984
0.301728
0.291368
0.308167
0.302136
0.300883
0.298021
0.324495
0.326272
0.324172
0.314920
0.275254
0.246541
0.238543
0.243076
0.204208
0.202342
0.194990
0.194357
0.185003
0.185014
0.193575
0.187665
0.183194
0.182119
0.324887
0.288658
0.283515
0.272493
0.203758
0.198159
0.185879
0.182938
0.192974
0.186615
0.188720
0.186577
0.199009
0.196041
0.319174
0.327067
0.344884
0.257190
0.243381
0.300893
0.249288
0.249121
========================63===============
0.339431
0.350856
0.366134
0.348706
0.317157
0.313330
0.299780
0.325538
0.307441
0.299995
0.285933
0.259507
0.329805
0.324333
0.375094
0.358867
0.216793
0.199040
0.373143
0.365794
0.315187
0.307436
0.196864
0.188214
0.193156
0.185361
0.214975
0.202988
0.239128
0.226249
0.220728
0.216204
0.348184
0.346413
0.328857
0.320496
0.350160
0.351026
0.355114
0.377444
0.252441
0.255194
0.222639
0.218932
0.262994
0.263487
0.259910
0.293285
0.307921
0.338606
0.278812
0.285374
0.284336
0.310133
0.237867
0.241582
0.220584
0.215465
0.230909
0.227900
0.338332
0.348088
0.377185
0.369037
0.322598
0.310544
0.288540
0.285143
0.301156
0.305121
0.372493
0.371759
0.372711
0.367826
0.301841
0.291460
0.308399
0.302338
0.301371
0.298472
0.325773
0.326974
0.323490
0.314944
0.275389
0.246541
0.238675
0.243349
0.204245
0.202466
0.194795
0.194249
0.184993
0.185029
0.193512
0.187672
0.182962
0.182048
0.325699
0.289676
0.283506
0.272690
0.204150
0.198228
0.185730
0.182534
0.192461
0.186139
0.188568
0.186396
0.200608
0.195220
0.318040
0.326373
0.344399
0.257548
0.244611
0.297587
0.249605
0.248620
========================64===============
0.339311
0.350458
0.365934
0.348343
0.317102
0.312861
0.299633
0.324814
0.307087
0.299590
0.285936
0.259697
0.329205
0.323003
0.375053
0.358726
0.217308
0.200174
0.373148
0.365750
0.315011
0.306640
0.196771
0.187696
0.193274
0.185613
0.214762
0.203090
0.239448
0.226216
0.220468
0.215804
0.347413
0.344970
0.328302
0.320292
0.349877
0.350830
0.353820
0.376736
0.252002
0.255900
0.222775
0.219052
0.263892
0.262936
0.259608
0.292989
0.307834
0.338305
0.278461
0.285045
0.284668
0.310093
0.237455
0.241540
0.220343
0.215720
0.230717
0.227886
0.337954
0.347755
0.376975
0.369020
0.322594
0.309701
0.288739
0.284695
0.301023
0.305495
0.371956
0.371520
0.372521
0.367531
0.301997
0.291774
0.308626
0.302906
0.302483
0.298996
0.326791
0.326390
0.323748
0.314732
0.275410
0.246731
0.238676
0.243989
0.204159
0.202465
0.194829
0.194119
0.185023
0.184973
0.192978
0.187434
0.183207
0.182070
0.325984
0.288693
0.283122
0.272053
0.203481
0.198325
0.185895
0.182694
0.192925
0.186536
0.189560
0.185575
0.196781
0.197551
0.318088
0.325983
0.343489
0.257167
0.244113
0.296573
0.250314
0.246600
========================65===============
0.339100
0.350291
0.365920
0.348480
0.317177
0.313117
0.299729
0.325073
0.307386
0.299360
0.285726
0.260011
0.329148
0.323655
0.374404
0.358232
0.215438
0.200097
0.373131
0.365311
0.315018
0.307182
0.195467
0.187627
0.193144
0.185443
0.213573
0.202692
0.239603
0.225393
0.220333
0.215744
0.347796
0.345755
0.328473
0.320186
0.349606
0.350742
0.354147
0.377266
0.251381
0.255652
0.223395
0.218594
0.262582
0.261079
0.259789
0.293191
0.308161
0.338621
0.278504
0.285302
0.285010
0.310541
0.237346
0.241469
0.220473
0.215885
0.230434
0.227524
0.337721
0.347445
0.376609
0.368944
0.322759
0.309706
0.288814
0.285008
0.301120
0.305817
0.371971
0.371815
0.371966
0.367738
0.302081
0.291636
0.309263
0.303258
0.302979
0.298859
0.326048
0.325970
0.323383
0.314563
0.275181
0.246622
0.237743
0.243146
0.204104
0.202396
0.194816
0.194057
0.184980
0.184853
0.193245
0.187444
0.183471
0.182187
0.328409
0.289881
0.282282
0.271615
0.203665
0.198241
0.185912
0.182500
0.193910
0.187261
0.189582
0.185166
0.192328
0.196045
0.323232
0.325039
0.343552
0.257825
0.251580
0.301292
0.251778
0.246721
========================66===============
0.339147
0.350625
0.366196
0.348932
0.317400
0.313578
0.300287
0.325064
0.307913
0.299505
0.286159
0.259790
0.329731
0.323918
0.374912
0.358866
0.214834
0.199856
0.373539
0.365595
0.315351
0.307427
0.196207
0.187728
0.192898
0.185552
0.213896
0.203142
0.239130
0.225080
0.220374
0.216107
0.347225
0.345125
0.328722
0.320455
0.349633
0.350725
0.354478
0.377091
0.251880
0.255505
0.223549
0.218784
0.262398
0.262225
0.260189
0.293732
0.308721
0.339004
0.278927
0.285366
0.285413
0.310574
0.237412
0.241683
0.219837
0.215025
0.230499
0.227793
0.338369
0.347760
0.377592
0.369627
0.323319
0.310366
0.289243
0.285491
0.301674
0.306177
0.372634
0.372273
0.371793
0.368010
0.302294
0.291904
0.309239
0.303080
0.302911
0.298516
0.325417
0.325640
0.323795
0.314903
0.275673
0.246816
0.237750
0.242769
0.204201
0.202578
0.194729
0.194109
0.185046
0.184820
0.194066
0.187767
0.183138
0.182102
0.336051
0.293100
0.281777
0.271911
0.203817
0.197881
0.186149
0.182365
0.193300
0.187110
0.188760
0.186162
0.196652
0.194300
0.325520
0.327003
0.344434
0.258045
0.249524
0.298599
0.250357
0.252286
========================67===============
0.340006
0.350880
0.367071
0.349150
0.318481
0.313845
0.300524
0.325891
0.308112
0.300321
0.286372
0.260372
0.329702
0.324299
0.375328
0.359581
0.216302
0.200437
0.373282
0.366083
0.315768
0.308136
0.197152
0.188761
0.193269
0.185771
0.215332
0.203796
0.240119
0.226128
0.220949
0.215266
0.347182
0.345617
0.329290
0.321033
0.350304
0.351116
0.355171
0.376879
0.252391
0.256985
0.223887
0.219222
0.263625
0.263227
0.260332
0.294099
0.308663
0.339251
0.279166
0.285713
0.284975
0.310539
0.237333
0.241866
0.220003
0.215688
0.230966
0.228353
0.339030
0.348348
0.378939
0.370628
0.323708
0.311091
0.289249
0.285690
0.301523
0.306253
0.373750
0.372930
0.372732
0.369175
0.302288
0.291826
0.309055
0.302792
0.301625
0.297942
0.325155
0.325420
0.324196
0.315511
0.275529
0.247354
0.238526
0.244090
0.204127
0.202837
0.194879
0.194160
0.184972
0.184912
0.193733
0.187497
0.183134
0.182163
0.336925
0.297935
0.282256
0.272612
0.203876
0.198493
0.185912
0.182714
0.193533
0.187081
0.189101
0.186920
0.203537
0.200556
0.324671
0.328524
0.344912
0.258841
0.244336
0.298548
0.249055
0.252200
========================68===============
0.340451
0.350831
0.367525
0.349408
0.318831
0.313952
0.300412
0.325801
0.307973
0.300501
0.286175
0.260352
0.330096
0.324692
0.375386
0.359289
0.215624
0.198529
0.373804
0.366582
0.315755
0.308225
0.196957
0.188077
0.193165
0.185862
0.216786
0.203813
0.239391
0.225686
0.220770
0.215095
0.347990
0.346405
0.329276
0.321178
0.350862
0.351540
0.354849
0.376317
0.252020
0.256060
0.223335
0.219144
0.263048
0.262632
0.260804
0.294498
0.309523
0.339735
0.279509
0.285941
0.286020
0.311688
0.238033
0.242545
0.221350
0.216431
0.230807
0.228055
0.338959
0.348533
0.378509
0.369558
0.323540
0.310795
0.289141
0.285554
0.302184
0.306312
0.374056
0.372928
0.373331
0.369586
0.302026
0.292097
0.308962
0.302714
0.301965
0.298353
0.325435
0.325826
0.323869
0.315736
0.275590
0.247441
0.237991
0.244030
0.204489
0.202900
0.194882
0.194096
0.184947
0.184846
0.193758
0.187674
0.183119
0.182221
0.335554
0.297243
0.282792
0.272339
0.203765
0.198475
0.185767
0.182667
0.192721
0.186787
0.189116
0.186409
0.199647
0.197334
0.329422
0.326979
0.344770
0.259071
0.247651
0.298200
0.247940
0.246976
========================69===============
0.340446
0.350822
0.367379
0.349307
0.318828
0.314101
0.300475
0.325730
0.307840
0.300297
0.286522
0.260548
0.329846
0.323832
0.375268
0.358922
0.214310
0.197885
0.374060
0.366622
0.315355
0.307402
0.196838
0.187899
0.193293
0.185900
0.215367
0.203660
0.239680
0.225684
0.221009
0.215198
0.346635
0.345381
0.329139
0.321038
0.350499
0.351471
0.354018
0.376572
0.251394
0.256173
0.222707
0.219093
0.262325
0.261297
0.260656
0.294423
0.309646
0.339641
0.279329
0.285893
0.286390
0.311859
0.238478
0.242685
0.221396
0.216646
0.230582
0.227996
0.338802
0.348423
0.377732
0.368917
0.323755
0.310946
0.289239
0.285511
0.302003
0.306634
0.373603
0.372558
0.373257
0.369088
0.301976
0.291951
0.308873
0.302728
0.302278
0.297451
0.324975
0.325480
0.323839
0.316178
0.275699
0.247604
0.237684
0.243817
0.204505
0.202878
0.194885
0.194160
0.185048
0.184740
0.193522
0.187617
0.183488
0.182380
0.334067
0.293366
0.283135
0.272075
0.203492
0.198768
0.186112
0.182800
0.193039
0.186902
0.188920
0.186172
0.201406
0.200127
0.328175
0.326636
0.344493
0.259557
0.244747
0.296329
0.248723
0.243868
========================70===============
0.338896
0.349893
0.366091
0.348495
0.317505
0.313035
0.299582
0.325084
0.307058
0.299452
0.285446
0.259936
0.328590
0.323351
0.374059
0.357988
0.215524
0.198381
0.373311
0.365619
0.314290
0.307187
0.195819
0.188187
0.193273
0.185742
0.214365
0.203037
0.238680
0.225262
0.220910
0.214749
0.346221
0.344899
0.328427
0.320098
0.349241
0.349974
0.354191
0.376352
0.251864
0.256055
0.221776
0.219011
0.261183
0.260841
0.259806
0.293065
0.308248
0.338438
0.278563
0.285291
0.285439
0.311036
0.238195
0.242150
0.221145
0.216338
0.229967
0.227418
0.337813
0.347611
0.376374
0.368067
0.322850
0.310279
0.288467
0.284840
0.301007
0.305498
0.371489
0.370900
0.371690
0.367372
0.300276
0.290852
0.308200
0.301937
0.301094
0.296731
0.325210
0.326901
0.322481
0.315247
0.274823
0.246938
0.237008
0.242592
0.204028
0.202649
0.194920
0.194167
0.184874
0.184991
0.193497
0.187628
0.183471
0.182310
0.322739
0.288518
0.282104
0.272100
0.203250
0.198458
0.186350
0.182907
0.193659
0.186978
0.188503
0.185918
0.199213
0.198248
0.322556
0.326172
0.344191
0.258957
0.246035
0.295693
0.247770
0.245762
========================71===============
0.339169
0.350266
0.365936
0.348247
0.317858
0.313070
0.299693
0.324881
0.307257
0.299468
0.285696
0.260062
0.328871
0.323650
0.374353
0.358201
0.215283
0.198256
0.373153
0.365379
0.314560
0.306886
0.196403
0.188188
0.193008
0.185846
0.214228
0.203524
0.238655
0.224727
0.221111
0.215315
0.346506
0.344962
0.328332
0.319992
0.349353
0.349925
0.353379
0.375955
0.251426
0.255101
0.221659
0.218236
0.262265
0.261793
0.259926
0.293200
0.309217
0.339176
0.279072
0.285575
0.285912
0.311663
0.237972
0.242467
0.220567
0.216275
0.229838
0.227859
0.338317
0.347784
0.376558
0.368679
0.323097
0.310417
0.288589
0.284946
0.301405
0.306336
0.371670
0.371279
0.371566
0.367443
0.301399
0.291484
0.308785
0.302460
0.302019
0.296938
0.324360
0.326339
0.323093
0.315523
0.274987
0.247363
0.237277
0.243019
0.203861
0.202801
0.194844
0.194315
0.184965
0.185094
0.193658
0.187606
0.183072
0.182174
0.326843
0.287500
0.282773
0.271840
0.203497
0.198102
0.185274
0.182636
0.192139
0.186565
0.188029
0.185656
0.196321
0.193282
0.323153
0.325449
0.345235
0.258979
0.248123
0.297364
0.245298
0.247254
========================72===============
0.340322
0.351239
0.367383
0.349476
0.318992
0.314185
0.300120
0.326174
0.307942
0.300322
0.285780
0.260224
0.329487
0.324757
0.375306
0.359274
0.214767
0.199427
0.374228
0.367424
0.315493
0.308620
0.197124
0.188562
0.193057
0.185809
0.214673
0.203525
0.238952
0.225409
0.221214
0.215264
0.347834
0.346037
0.329303
0.321116
0.350323
0.351399
0.354821
0.377009
0.252142
0.255916
0.221866
0.218596
0.262619
0.263871
0.260554
0.294354
0.309598
0.339667
0.279471
0.285967
0.286328
0.312093
0.238319
0.243142
0.221201
0.216709
0.230363
0.228229
0.338821
0.348468
0.377847
0.369665
0.323535
0.310929
0.289213
0.285566
0.301929
0.306979
0.372941
0.372175
0.372545
0.368349
0.301847
0.291988
0.309128
0.302570
0.302288
0.297271
0.325548
0.326894
0.323140
0.315521
0.275344
0.247468
0.237932
0.243503
0.204096
0.203157
0.194917
0.194184
0.185055
0.185227
0.193435
0.187433
0.183299
0.182182
0.328212
0.288085
0.283092
0.272864
0.204019
0.198617
0.186022
0.182616
0.192645
0.186426
0.188415
0.185834
0.197439
0.194255
0.322924
0.325990
0.345061
0.259619
0.248910
0.298165
0.246344
0.248948
========================73===============
0.340392
0.350934
0.367447
0.349611
0.319215
0.314446
0.299908
0.325754
0.307450
0.300091
0.285383
0.260044
0.329124
0.324198
0.375067
0.359115
0.217060
0.198975
0.374200
0.367289
0.315361
0.308112
0.196870
0.188164
0.192904
0.185675
0.214054
0.203516
0.239147
0.225372
0.220896
0.215685
0.347405
0.345575
0.328765
0.320783
0.350255
0.351193
0.354890
0.377574
0.252098
0.255948
0.222301
0.218837
0.262614
0.261992
0.260786
0.294663
0.310070
0.339837
0.279552
0.286171
0.287003
0.312631
0.238561
0.243259
0.221488
0.216984
0.230515
0.228239
0.338671
0.348590
0.378037
0.369837
0.323256
0.309865
0.288970
0.285087
0.302086
0.307088
0.373313
0.372625
0.373000
0.368998
0.301453
0.291641
0.309137
0.302859
0.302641
0.298566
0.326420
0.326308
0.323678
0.315582
0.275384
0.247556
0.237667
0.243602
0.204376
0.203326
0.194865
0.194120
0.185164
0.185105
0.193242
0.187386
0.183416
0.182158
0.323778
0.289266
0.282684
0.272530
0.204265
0.198916
0.186088
0.182476
0.192533
0.186340
0.189307
0.185314
0.197813
0.197193
0.324321
0.325173
0.344684
0.260042
0.249906
0.295591
0.249235
0.243603
========================74===============
0.340122
0.350830
0.367549
0.349572
0.318894
0.313829
0.299876
0.325512
0.307307
0.299776
0.285528
0.260212
0.328813
0.323903
0.374652
0.358560
0.216382
0.199397
0.374357
0.366982
0.315836
0.307994
0.196235
0.188114
0.193402
0.185821
0.213503
0.203147
0.239025
0.224776
0.220690
0.215108
0.347608
0.346041
0.329193
0.320691
0.350523
0.351205
0.354054
0.377095
0.251433
0.256143
0.222338
0.218858
0.262051
0.260658
0.260529
0.294304
0.310246
0.339960
0.279200
0.285965
0.287326
0.312849
0.238304
0.243332
0.221466
0.217015
0.230200
0.227896
0.338252
0.348305
0.377112
0.368770
0.323380
0.310059
0.289080
0.285335
0.302276
0.307195
0.373363
0.372708
0.372651
0.368764
0.301800
0.291856
0.309419
0.303391
0.303922
0.298920
0.326117
0.325897
0.323442
0.315614
0.275213
0.247595
0.237184
0.243493
0.204346
0.203092
0.194727
0.194029
0.185067
0.184981
0.193064
0.187040
0.183920
0.182212
0.327574
0.288456
0.282823
0.271767
0.204129
0.199008
0.186286
0.182585
0.193518
0.187200
0.189121
0.184894
0.188679
0.195241
0.325305
0.324782
0.344376
0.260191
0.256500
0.299732
0.248661
0.245937
========================75===============
0.339796
0.350742
0.367350
0.349161
0.318523
0.313126
0.300146
0.325248
0.307492
0.299532
0.285694
0.259639
0.329494
0.324354
0.374641
0.358899
0.215576
0.200209
0.374324
0.366445
0.316054
0.308197
0.196113
0.188084
0.193173
0.185689
0.214125
0.203304
0.238823
0.224736
0.221146
0.214960
0.347556
0.345981
0.329612
0.320836
0.350354
0.350889
0.354194
0.376768
0.250909
0.255590
0.222828
0.218553
0.262225
0.261232
0.260644
0.294556
0.310680
0.340199
0.279328
0.286034
0.287608
0.312887
0.238347
0.243316
0.220701
0.216737
0.229912
0.227826
0.338047
0.347759
0.376800
0.368048
0.323407
0.310093
0.289139
0.285759
0.302147
0.307166
0.373435
0.372790
0.372206
0.368185
0.301720
0.292147
0.309384
0.302989
0.303573
0.298488
0.325563
0.325590
0.324189
0.316241
0.275056
0.247567
0.236998
0.243263
0.204108
0.203132
0.194694
0.194146
0.185121
0.184932
0.193426
0.187176
0.183517
0.182176
0.335747
0.293220
0.281814
0.271801
0.203996
0.198725
0.186142
0.182356
0.194139
0.187775
0.189316
0.185198
0.194166
0.195294
0.331634
0.325438
0.344569
0.260967
0.256314
0.298326
0.248408
0.247192
========================76===============
0.339883
0.350534
0.366679
0.348783
0.318207
0.312900
0.300022
0.325627
0.307579
0.299662
0.285797
0.259888
0.329358
0.324579
0.374443
0.358469
0.214755
0.199388
0.374212
0.366407
0.315859
0.308366
0.196410
0.188065
0.193125
0.185701
0.213991
0.203190
0.238784
0.224971
0.221312
0.215000
0.347102
0.345257
0.329309
0.320802
0.350345
0.350715
0.354111
0.376217
0.250927
0.255994
0.223209
0.218302
0.261809
0.261558
0.260398
0.293845
0.309860
0.339649
0.279069
0.285643
0.287046
0.312453
0.238324
0.243137
0.220945
0.216556
0.229999
0.227782
0.338292
0.347900
0.377086
0.368251
0.323651
0.310319
0.289060
0.285808
0.302117
0.306741
0.372765
0.372090
0.372185
0.368043
0.301510
0.291434
0.309415
0.302651
0.302114
0.298258
0.324309
0.324640
0.324212
0.315781
0.275051
0.247726
0.237084
0.243271
0.204096
0.203082
0.194871
0.194153
0.185014
0.184967
0.193934
0.187456
0.183529
0.182352
0.333683
0.295209
0.281335
0.271636
0.203896
0.198884
0.186258
0.182722
0.193671
0.187391
0.189242
0.186043
0.197013
0.198651
0.330508
0.326328
0.344947
0.261102
0.253344
0.297324
0.247548
0.250633
========================77===============
0.339530
0.350223
0.365815
0.347970
0.317363
0.312111
0.299821
0.325471
0.307179
0.299822
0.285400
0.259260
0.329124
0.324150
0.374538
0.358167
0.215299
0.198639
0.373495
0.366123
0.315898
0.308322
0.197326
0.188436
0.193019
0.185778
0.214676
0.202890
0.238601
0.225308
0.220824
0.215339
0.347321
0.345390
0.329382
0.320979
0.350139
0.350756
0.353255
0.375191
0.251605
0.255792
0.221245
0.219155
0.261949
0.262771
0.259997
0.293140
0.308555
0.338957
0.279099
0.285657
0.285479
0.311622
0.238089
0.242374
0.220892
0.216454
0.229761
0.227769
0.337848
0.347827
0.376384
0.367886
0.323050
0.310573
0.288729
0.285636
0.301099
0.306107
0.372057
0.371099
0.371798
0.367380
0.301432
0.291438
0.308666
0.301956
0.301200
0.297682
0.324585
0.326087
0.322838
0.315293
0.274755
0.247391
0.237534
0.243112
0.203763
0.202863
0.194937
0.194133
0.184943
0.185012
0.193493
0.187113
0.183145
0.182202
0.329497
0.291047
0.282796
0.272559
0.203395
0.198341
0.185547
0.182681
0.192272
0.186276
0.188015
0.185861
0.201942
0.196520
0.325319
0.325997
0.345050
0.260176
0.247535
0.295761
0.244496
0.248527
========================78===============
0.339928
0.350545
0.365853
0.348016
0.317620
0.312367
0.299691
0.325526
0.307335
0.299990
0.285218
0.259420
0.329069
0.324431
0.374930
0.358706
0.215237
0.198812
0.373519
0.366240
0.315537
0.308827
0.197277
0.188265
0.193238
0.185892
0.214726
0.202974
0.238747
0.225184
0.221107
0.214950
0.347589
0.345943
0.329198
0.321188
0.350232
0.351042
0.353197
0.375427
0.251246
0.255040
0.222430
0.219070
0.262292
0.262722
0.259891
0.293193
0.308394
0.338962
0.278672
0.285386
0.285618
0.311805
0.237845
0.242484
0.220386
0.216104
0.229992
0.227786
0.338087
0.348128
0.376140
0.367925
0.323167
0.310709
0.288686
0.285426
0.301201
0.306148
0.371934
0.371433
0.372431
0.367305
0.301769
0.291899
0.309076
0.302388
0.302199
0.297831
0.325029
0.325909
0.323867
0.315895
0.274697
0.247364
0.237506
0.243463
0.203748
0.202772
0.194892
0.194320
0.185066
0.185001
0.193428
0.187080
0.183466
0.182117
0.326138
0.289601
0.282516
0.272044
0.203687
0.198445
0.185718
0.182474
0.192788
0.186606
0.189009
0.185243
0.193864
0.195326
0.327041
0.325470
0.343902
0.258816
0.250241
0.295573
0.249161
0.245939
========================79===============
0.338650
0.349508
0.364377
0.347172
0.315960
0.311353
0.299308
0.324183
0.306154
0.298846
0.284732
0.259009
0.328219
0.323138
0.373179
0.357126
0.214343
0.199026
0.371797
0.364471
0.315276
0.308100
0.196873
0.187912
0.192987
0.185989
0.213749
0.202975
0.238903
0.224847
0.220458
0.215162
0.346875
0.344795
0.327824
0.319894
0.348536
0.349417
0.351277
0.374745
0.250829
0.255337
0.222632
0.218042
0.261414
0.260822
0.259276
0.292238
0.307480
0.337987
0.278230
0.284988
0.285042
0.311026
0.237007
0.241638
0.219707
0.215602
0.229631
0.227406
0.336611
0.346522
0.374779
0.366492
0.322461
0.309763
0.288326
0.285101
0.300311
0.305631
0.370357
0.370263
0.370507
0.365693
0.301212
0.291005
0.308539
0.302285
0.301693
0.297432
0.324305
0.324872
0.322953
0.314637
0.274248
0.247194
0.237141
0.243559
0.203563
0.202576
0.194906
0.194013
0.185045
0.184909
0.193747
0.186846
0.183545
0.182203
0.333131
0.292715
0.281598
0.271067
0.203165
0.198079
0.185968
0.182704
0.193699
0.187597
0.189669
0.185421
0.191983
0.195598
0.329179
0.325713
0.343492
0.258752
0.251964
0.299153
0.249579
0.248251
========================80===============
0.339781
0.350559
0.365414
0.348442
0.317203
0.312555
0.299971
0.325302
0.307304
0.299546
0.285321
0.259809
0.329032
0.324181
0.374024
0.357978
0.213947
0.197793
0.372662
0.365122
0.315943
0.308600
0.195942
0.187632
0.192898
0.185640
0.213516
0.202479
0.239408
0.224791
0.220533
0.215319
0.346828
0.345205
0.328810
0.320863
0.350174
0.350497
0.353476
0.375609
0.251266
0.255258
0.222876
0.218568
0.261727
0.260510
0.260194
0.293374
0.308138
0.338938
0.278880
0.285438
0.285399
0.311375
0.237694
0.241854
0.220334
0.215499
0.229608
0.227451
0.338270
0.348152
0.376303
0.368435
0.323811
0.310654
0.288908
0.285897
0.301332
0.306110
0.372059
0.371768
0.371780
0.367211
0.301457
0.291631
0.309000
0.302821
0.303223
0.298922
0.325060
0.325239
0.323271
0.316083
0.274664
0.247163
0.237184
0.243148
0.203598
0.202646
0.194713
0.194095
0.185099
0.184755
0.193872
0.187246
0.182970
0.182337
0.333673
0.295023
0.282303
0.271490
0.202740
0.197618
0.185731
0.182642
0.192818
0.186954
0.188477
0.185724
0.201723
0.197732
0.331096
0.326438
0.345058
0.259888
0.249927
0.296980
0.246035
0.246489
========================81===============
0.339673
0.350648
0.365370
0.348545
0.316852
0.312686
0.299803
0.324922
0.306897
0.299425
0.285190
0.259348
0.328826
0.323700
0.374952
0.358859
0.214959
0.198288
0.373476
0.365517
0.316052
0.308037
0.196121
0.187663
0.193118
0.185414
0.213780
0.202812
0.238457
0.225347
0.220795
0.215264
0.346788
0.344745
0.329027
0.320371
0.349564
0.350375
0.354198
0.374946
0.251835
0.255701
0.222930
0.219883
0.262577
0.261946
0.260023
0.293243
0.308583
0.338591
0.278574
0.285066
0.285275
0.311429
0.238339
0.242450
0.220660
0.215740
0.230161
0.227678
0.337891
0.347873
0.375840
0.367615
0.322857
0.310035
0.288624
0.285275
0.301724
0.305290
0.371894
0.371358
0.372249
0.367558
0.300512
0.290471
0.308834
0.302152
0.301564
0.298761
0.325517
0.325967
0.323714
0.315638
0.274804
0.247096
0.237676
0.242754
0.203896
0.202756
0.194970
0.194165
0.185144
0.184918
0.193593
0.187173
0.183230
0.182206
0.329708
0.289260
0.282984
0.272017
0.203574
0.198051
0.185969
0.182582
0.193004
0.186536
0.188304
0.185795
0.196853
0.193749
0.324592
0.326826
0.344532
0.258258
0.247895
0.296578
0.246917
0.248896
========================82===============
0.339556
0.350700
0.365785
0.348654
0.317200
0.312878
0.299377
0.324969
0.306340
0.299613
0.285233
0.259137
0.329051
0.323478
0.374548
0.358919
0.214089
0.199192
0.373577
0.365774
0.316291
0.308260
0.196914
0.187833
0.192959
0.185740
0.213772
0.201958
0.238941
0.225363
0.220302
0.215587
0.347007
0.344856
0.328659
0.320488
0.349578
0.350460
0.353168
0.375762
0.251813
0.255415
0.222752
0.218216
0.263082
0.262905
0.259779
0.293000
0.309055
0.339272
0.279153
0.285551
0.285789
0.311455
0.237907
0.242073
0.221120
0.215893
0.230395
0.227841
0.337862
0.347613
0.376307
0.368139
0.323218
0.310125
0.288701
0.285217
0.301475
0.306005
0.372119
0.371917
0.371886
0.367423
0.301314
0.291244
0.308488
0.302020
0.301652
0.298197
0.323702
0.325316
0.323549
0.315592
0.274991
0.247152
0.238134
0.243406
0.203776
0.202647
0.194853
0.194278
0.185054
0.185175
0.193189
0.186957
0.182932
0.181979
0.329860
0.290606
0.283102
0.271849
0.204274
0.198342
0.185054
0.182261
0.191990
0.185870
0.189063
0.185487
0.196338
0.195539
0.324725
0.325374
0.344545
0.259211
0.247252
0.295602
0.245930
0.247862
========================83===============
0.340458
0.351548
0.366851
0.349821
0.318147
0.314027
0.299962
0.325895
0.307232
0.300199
0.285878
0.259357
0.329549
0.324649
0.375263
0.359273
0.216223
0.200111
0.374185
0.367096
0.316780
0.309276
0.196980
0.188097
0.192883
0.185942
0.214700
0.202286
0.239011
0.225929
0.220846
0.215832
0.348303
0.345999
0.329155
0.321416
0.350282
0.351404
0.354714
0.377501
0.252192
0.255575
0.222371
0.218110
0.262703
0.262444
0.260665
0.294385
0.309916
0.339822
0.279127
0.285827
0.286581
0.311912
0.238462
0.242808
0.221438
0.215924
0.230592
0.227778
0.338419
0.348460
0.377162
0.369008
0.323347
0.310317
0.289232
0.285444
0.302174
0.306764
0.373510
0.373073
0.373232
0.368786
0.301782
0.292046
0.309545
0.303275
0.303377
0.298871
0.326266
0.326165
0.324191
0.315416
0.275688
0.247238
0.238375
0.243190
0.204330
0.202873
0.194897
0.194196
0.185186
0.184980
0.193324
0.186912
0.183637
0.182033
0.325278
0.289775
0.282913
0.272428
0.204258
0.198322
0.186564
0.182387
0.194107
0.187421
0.189764
0.185353
0.190955
0.194065
0.324010
0.325274
0.344406
0.258949
0.251310
0.301767
0.254971
0.247221
========================84===============
0.339591
0.350531
0.366080
0.349009
0.317395
0.313309
0.299571
0.325775
0.306821
0.299765
0.285592
0.259356
0.328735
0.323506
0.374773
0.358542
0.214010
0.199220
0.373972
0.367132
0.316189
0.308163
0.197141
0.187956
0.193072
0.186008
0.215604
0.202689
0.239022
0.225693
0.220846
0.215290
0.346201
0.343974
0.328876
0.320952
0.349833
0.351029
0.353707
0.376474
0.251431
0.255603
0.222976
0.218116
0.261902
0.261491
0.260226
0.293583
0.309490
0.339155
0.278549
0.285358
0.286222
0.311712
0.238232
0.242466
0.220873
0.215488
0.230394
0.227355
0.337629
0.347647
0.376798
0.367953
0.323224
0.310666
0.288949
0.285101
0.302018
0.306262
0.372721
0.371835
0.372617
0.367843
0.301539
0.291758
0.308677
0.302533
0.302174
0.298419
0.324720
0.324507
0.324044
0.314844
0.275623
0.247293
0.238193
0.243447
0.204366
0.202724
0.194902
0.194237
0.185093
0.184768
0.193931
0.186953
0.183540
0.182116
0.331259
0.295315
0.281238
0.271155
0.204287
0.198342
0.186304
0.182677
0.193978
0.187536
0.189962
0.185998
0.195327
0.193763
0.330709
0.324613
0.343196
0.259378
0.252652
0.302868
0.252477
0.250891
========================85===============
0.338582
0.349863
0.365447
0.348338
0.316864
0.312622
0.299451
0.325374
0.307050
0.299418
0.285802
0.259584
0.328710
0.322814
0.373757
0.357551
0.214475
0.197980
0.373273
0.365651
0.315802
0.308397
0.196667
0.188075
0.193315
0.186088
0.215612
0.202976
0.239003
0.224891
0.220970
0.215137
0.346542
0.345034
0.329203
0.320959
0.349787
0.350335
0.351424
0.374754
0.250655
0.255121
0.223227
0.218430
0.261854
0.260845
0.259704
0.292616
0.308634
0.338518
0.278364
0.285043
0.285963
0.311189
0.237907
0.241709
0.221072
0.215764
0.229723
0.227014
0.337445
0.347108
0.375795
0.367472
0.323145
0.310552
0.288629
0.284877
0.301018
0.305484
0.371424
0.370769
0.371582
0.366727
0.301703
0.291707
0.308387
0.302572
0.301919
0.298117
0.323644
0.324016
0.323185
0.314779
0.275160
0.246866
0.237553
0.243031
0.203989
0.202477
0.195033
0.194250
0.185115
0.184738
0.193732
0.186968
0.183096
0.182312
0.335046
0.293676
0.282125
0.270042
0.203095
0.197949
0.185347
0.182684
0.192588
0.186531
0.188452
0.185765
0.201775
0.199264
0.330596
0.325771
0.343961
0.259891
0.249108
0.296086
0.245551
0.244302
========================86===============
0.339318
0.350704
0.366189
0.349020
0.317755
0.313726
0.299929
0.326076
0.307536
0.300149
0.286000
0.260026
0.328833
0.324014
0.374675
0.358307
0.213989
0.197865
0.374066
0.365909
0.316207
0.308581
0.195899
0.188266
0.193297
0.185993
0.215066
0.202861
0.238523
0.224698
0.221260
0.215313
0.347362
0.345768
0.329463
0.321040
0.350328
0.350821
0.353914
0.375779
0.252259
0.254785
0.222251
0.219657
0.262044
0.261109
0.260429
0.293647
0.309213
0.339336
0.278983
0.285710
0.286244
0.311880
0.238514
0.242147
0.221268
0.215980
0.230083
0.227642
0.338335
0.348006
0.376745
0.368401
0.323517
0.310613
0.289023
0.285416
0.301849
0.305900
0.372485
0.371643
0.371982
0.367601
0.301947
0.291887
0.309152
0.302936
0.303166
0.297471
0.325673
0.327015
0.323673
0.314880
0.275500
0.246923
0.237266
0.242745
0.203962
0.202599
0.194885
0.193932
0.185124
0.184838
0.193810
0.187166
0.182990
0.182273
0.335898
0.289397
0.283916
0.271882
0.203106
0.197712
0.185613
0.182671
0.192292
0.186824
0.187443
0.185397
0.196351
0.193239
0.326396
0.326125
0.345124
0.260145
0.249126
0.294943
0.243356
0.244859
========================87===============
