===========217608================
========================11===============
0.331678
0.361015
0.314423
0.328805
0.283274
0.318374
0.320419
0.351635
0.302341
0.315679
0.286801
0.291796
0.331820
0.347510
0.347298
0.350912
0.215617
0.217422
0.320970
0.317207
0.283674
0.291953
0.192063
0.190099
0.185305
0.184653
0.203728
0.238934
0.217303
0.223165
0.235712
0.224528
0.331530
0.337710
0.331529
0.316822
0.332142
0.338091
0.322076
0.317267
0.260527
0.252850
0.201697
0.195010
0.245031
0.244202
0.275961
0.288288
0.323304
0.307723
0.300860
0.298717
0.288998
0.291636
0.295045
0.279081
0.253696
0.255709
0.228306
0.237976
0.357134
0.381179
0.348537
0.319603
0.367443
0.355928
0.356621
0.367291
0.353589
0.319967
0.342509
0.337163
0.352693
0.363435
0.307843
0.318612
0.276755
0.277214
0.266310
0.262591
0.293220
0.294811
0.341787
0.317765
0.327653
0.319515
0.233030
0.241820
0.277780
0.278834
0.195470
0.205281
0.191366
0.198301
0.212326
0.215854
0.184793
0.177287
0.256621
0.219912
0.251949
0.257531
0.249605
0.250637
0.175722
0.175025
0.186855
0.182846
0.205399
0.205526
0.180205
0.184952
0.241174
0.276032
0.332284
0.297642
0.277134
0.260160
0.262965
0.282594
========================12===============
0.330893
0.360544
0.314595
0.329047
0.282958
0.318429
0.319697
0.350632
0.302064
0.315754
0.287111
0.291498
0.330850
0.346900
0.347081
0.350990
0.216379
0.217964
0.321312
0.317000
0.282062
0.291436
0.192728
0.190321
0.185359
0.184462
0.204113
0.238852
0.218049
0.223649
0.237052
0.224681
0.330907
0.336897
0.331179
0.316705
0.332004
0.338377
0.323182
0.314384
0.260238
0.252496
0.201391
0.193705
0.244191
0.243933
0.275600
0.288097
0.323782
0.308241
0.300777
0.298843
0.289331
0.291970
0.293829
0.278735
0.253783
0.256707
0.227617
0.237434
0.356401
0.380467
0.347289
0.318210
0.367109
0.354995
0.356294
0.367107
0.353560
0.319515
0.342578
0.336764
0.352277
0.362974
0.309111
0.319585
0.276690
0.277115
0.265534
0.262456
0.293792
0.294937
0.342474
0.319249
0.328769
0.320370
0.233286
0.242523
0.277753
0.278137
0.195508
0.205356
0.191091
0.197944
0.211478
0.214696
0.184327
0.177104
0.253923
0.218695
0.251560
0.256664
0.248407
0.249743
0.175661
0.175365
0.187271
0.183468
0.205202
0.206132
0.181505
0.185080
0.240812
0.274438
0.331323
0.297636
0.275826
0.259699
0.264045
0.283577
========================13===============
0.330249
0.360428
0.314328
0.328958
0.282386
0.318068
0.319206
0.350760
0.301960
0.315770
0.286518
0.291653
0.331823
0.346975
0.346284
0.350581
0.213935
0.216018
0.320476
0.316864
0.283228
0.292059
0.192179
0.190041
0.185578
0.184759
0.203815
0.239411
0.216416
0.222720
0.236099
0.224276
0.331149
0.337471
0.330873
0.316802
0.332575
0.338943
0.323375
0.316788
0.255259
0.248045
0.198875
0.192627
0.237503
0.237333
0.274694
0.286279
0.324644
0.309314
0.300838
0.298550
0.290894
0.293819
0.293733
0.279272
0.254249
0.255499
0.226951
0.237257
0.356509
0.380141
0.346669
0.317308
0.367341
0.355162
0.356896
0.367824
0.353989
0.320997
0.341911
0.337221
0.351423
0.363675
0.308033
0.318529
0.276869
0.277521
0.266399
0.262634
0.293763
0.294463
0.342192
0.318491
0.327650
0.320206
0.231858
0.239768
0.275477
0.276470
0.194826
0.204573
0.189997
0.197293
0.211522
0.214761
0.184530
0.177159
0.255870
0.218173
0.251394
0.255907
0.247958
0.249560
0.175342
0.175099
0.187402
0.183038
0.205425
0.207029
0.180398
0.183364
0.240566
0.271988
0.331526
0.297652
0.275342
0.259689
0.265253
0.285948
========================14===============
0.330008
0.360231
0.313092
0.328894
0.282138
0.317653
0.318597
0.350590
0.302029
0.316217
0.285281
0.290900
0.332116
0.347278
0.345735
0.350581
0.213258
0.214566
0.320226
0.316094
0.281396
0.290617
0.190945
0.188853
0.184812
0.184029
0.202836
0.234178
0.213615
0.219191
0.231502
0.221893
0.331272
0.336827
0.331149
0.317125
0.332014
0.338301
0.322593
0.317023
0.256165
0.248053
0.199424
0.193202
0.239215
0.239483
0.275404
0.288583
0.324926
0.308565
0.300746
0.297570
0.290601
0.293103
0.292524
0.277666
0.252440
0.255267
0.227401
0.237501
0.355933
0.379192
0.348614
0.320117
0.366975
0.356700
0.356378
0.367884
0.353916
0.321470
0.342765
0.338676
0.349255
0.362530
0.305756
0.316448
0.276939
0.277423
0.267030
0.263379
0.293212
0.294414
0.341202
0.314880
0.326829
0.319666
0.231712
0.240033
0.274987
0.275635
0.195057
0.204735
0.190267
0.197358
0.212097
0.215472
0.184687
0.177141
0.257176
0.219760
0.251362
0.256439
0.248803
0.250344
0.175784
0.175059
0.186620
0.182604
0.208080
0.207502
0.180466
0.185040
0.241921
0.273393
0.332179
0.297562
0.275555
0.260633
0.263544
0.287454
========================15===============
0.332113
0.361617
0.314062
0.329323
0.282810
0.320119
0.319102
0.352871
0.302270
0.316464
0.286824
0.292329
0.332482
0.347267
0.346307
0.351355
0.217145
0.218833
0.320468
0.316876
0.284235
0.293414
0.192926
0.190795
0.185779
0.184702
0.204125
0.241432
0.220373
0.226105
0.237751
0.227095
0.330965
0.338242
0.332215
0.317353
0.332426
0.339227
0.323518
0.319917
0.260909
0.253260
0.201423
0.194811
0.245678
0.244398
0.275520
0.287831
0.324920
0.309264
0.301009
0.298663
0.289911
0.292876
0.295526
0.279102
0.252734
0.254949
0.228772
0.238282
0.358679
0.382942
0.349770
0.320793
0.366769
0.357622
0.355607
0.368578
0.353211
0.321011
0.343343
0.339049
0.354253
0.364229
0.310152
0.320426
0.277403
0.278159
0.266996
0.262664
0.294413
0.295827
0.343042
0.319764
0.328276
0.320531
0.233542
0.242157
0.277810
0.279069
0.195558
0.204991
0.191131
0.198526
0.213251
0.216882
0.185446
0.177358
0.258814
0.221583
0.252879
0.258589
0.250311
0.251382
0.175480
0.175009
0.186626
0.183152
0.203320
0.204757
0.180602
0.183843
0.243063
0.276166
0.333603
0.298501
0.277773
0.260416
0.262214
0.278742
========================16===============
0.330459
0.360528
0.317307
0.331846
0.284765
0.320756
0.319052
0.351982
0.302429
0.317142
0.286868
0.293576
0.331365
0.347573
0.347277
0.351574
0.214922
0.216478
0.324204
0.321932
0.285728
0.293707
0.193372
0.190952
0.185277
0.184881
0.204497
0.241997
0.218659
0.224913
0.236992
0.226448
0.331169
0.337980
0.331266
0.317291
0.332738
0.339488
0.322820
0.315476
0.259031
0.252299
0.200293
0.193565
0.242543
0.241405
0.277056
0.289223
0.326188
0.311331
0.302255
0.299745
0.292366
0.295437
0.296359
0.281944
0.255432
0.258372
0.227137
0.236906
0.355574
0.379747
0.347624
0.318886
0.367906
0.356823
0.356864
0.368974
0.354865
0.323479
0.342368
0.337951
0.350512
0.361935
0.310385
0.321360
0.277272
0.277664
0.266234
0.262450
0.293579
0.294745
0.344345
0.322070
0.328415
0.321498
0.231351
0.240534
0.277275
0.279700
0.195126
0.204406
0.191215
0.198327
0.211983
0.215469
0.184821
0.177275
0.252848
0.216141
0.251486
0.256168
0.248967
0.249985
0.175494
0.174987
0.187469
0.183616
0.205454
0.205913
0.180483
0.183191
0.237727
0.272255
0.332072
0.299421
0.278024
0.260169
0.265571
0.287946
========================17===============
0.329447
0.360106
0.312158
0.327612
0.281682
0.317116
0.318972
0.350777
0.301776
0.316568
0.285640
0.291347
0.332074
0.347176
0.345469
0.351448
0.212645
0.214958
0.318785
0.313473
0.280248
0.290565
0.191932
0.188544
0.184529
0.183752
0.203394
0.234704
0.214368
0.219405
0.233555
0.222568
0.331274
0.337276
0.330380
0.316398
0.331757
0.337694
0.321884
0.315242
0.255123
0.247757
0.199733
0.192814
0.237924
0.240191
0.274119
0.287054
0.323981
0.308161
0.300086
0.297378
0.290609
0.292822
0.292776
0.278308
0.251885
0.254583
0.227996
0.237873
0.355475
0.379815
0.349060
0.320564
0.367851
0.355793
0.357486
0.368466
0.353372
0.320849
0.342242
0.337486
0.350287
0.362955
0.306720
0.316983
0.276944
0.277528
0.266521
0.263369
0.293472
0.294602
0.341584
0.315587
0.327159
0.319583
0.231837
0.240928
0.274623
0.275070
0.195022
0.205010
0.190466
0.197843
0.212112
0.215162
0.184477
0.177175
0.260174
0.221824
0.251647
0.256492
0.249108
0.250345
0.175728
0.174888
0.186952
0.182425
0.208089
0.208633
0.179986
0.184462
0.243855
0.274214
0.331969
0.297419
0.273711
0.260236
0.263593
0.284555
========================18===============
0.330460
0.360467
0.312834
0.328378
0.282977
0.319036
0.319966
0.352628
0.303074
0.317377
0.286734
0.292663
0.334012
0.348614
0.345363
0.350875
0.214491
0.216487
0.320206
0.316018
0.283577
0.291605
0.192589
0.189708
0.185203
0.184692
0.204291
0.237800
0.215760
0.221645
0.233614
0.224110
0.332301
0.338243
0.331669
0.317056
0.332032
0.338040
0.320901
0.316355
0.257603
0.249255
0.200710
0.193692
0.241683
0.240829
0.275755
0.287932
0.325128
0.309336
0.300732
0.298042
0.290744
0.293175
0.294881
0.279446
0.253297
0.255298
0.228042
0.237983
0.356524
0.380503
0.349327
0.320336
0.367564
0.355793
0.357222
0.368658
0.353162
0.320924
0.342108
0.337192
0.351227
0.363161
0.305957
0.316666
0.277388
0.277436
0.267913
0.263436
0.293499
0.294606
0.341761
0.315166
0.326870
0.320386
0.233959
0.241229
0.275959
0.276662
0.195418
0.204551
0.190604
0.197498
0.211919
0.215115
0.184483
0.177073
0.260603
0.222218
0.252135
0.257104
0.248898
0.250299
0.175990
0.175175
0.186591
0.182904
0.203303
0.203968
0.180801
0.185889
0.246174
0.275957
0.331294
0.297269
0.276234
0.259654
0.261931
0.278802
========================19===============
0.330513
0.360884
0.314294
0.330131
0.283191
0.320836
0.318568
0.351853
0.302528
0.317169
0.287280
0.292447
0.330361
0.346385
0.346527
0.350930
0.216562
0.217634
0.321352
0.319146
0.283483
0.291465
0.192442
0.190591
0.185330
0.184654
0.204548
0.240137
0.218590
0.223555
0.237874
0.224468
0.330802
0.337372
0.330200
0.316362
0.331692
0.338221
0.320213
0.310964
0.260808
0.252437
0.201193
0.194066
0.244238
0.241903
0.277046
0.289053
0.324138
0.309363
0.300923
0.298620
0.290236
0.292605
0.296282
0.279342
0.254727
0.256104
0.227134
0.236819
0.355356
0.380615
0.347550
0.318251
0.366652
0.353943
0.356185
0.367640
0.351912
0.319204
0.340928
0.336054
0.351194
0.362333
0.308047
0.317824
0.276691
0.277110
0.265825
0.262078
0.292886
0.293951
0.342274
0.318126
0.328604
0.320273
0.233129
0.241445
0.278531
0.278076
0.195794
0.205371
0.191488
0.197713
0.211872
0.214385
0.184601
0.177203
0.252482
0.217649
0.251041
0.256218
0.248624
0.249078
0.175649
0.175087
0.187990
0.182955
0.206056
0.205023
0.180538
0.184985
0.238321
0.272912
0.331087
0.296994
0.277047
0.259888
0.265217
0.284161
========================20===============
0.327989
0.359075
0.312773
0.328825
0.281518
0.318211
0.317406
0.349312
0.301318
0.316186
0.285218
0.290876
0.328342
0.344729
0.344136
0.349057
0.212620
0.214285
0.319430
0.316732
0.281274
0.290748
0.191568
0.189373
0.184926
0.184482
0.203228
0.236311
0.215053
0.219653
0.234430
0.222292
0.329323
0.335841
0.329677
0.315973
0.331118
0.337382
0.319591
0.311632
0.252842
0.245350
0.198243
0.191913
0.235054
0.235711
0.273774
0.285557
0.323736
0.307973
0.299422
0.296405
0.291062
0.293481
0.293040
0.278320
0.253558
0.254173
0.225970
0.236054
0.353182
0.377262
0.344067
0.316110
0.365780
0.353378
0.355311
0.366713
0.351767
0.319529
0.338517
0.334604
0.347370
0.359306
0.307093
0.317064
0.275899
0.276656
0.265141
0.261939
0.292132
0.292892
0.340271
0.314535
0.326006
0.318325
0.230129
0.238535
0.274084
0.273877
0.195039
0.204119
0.190108
0.196555
0.211021
0.213421
0.183916
0.177015
0.252726
0.216603
0.250177
0.254236
0.247296
0.247939
0.175422
0.175159
0.187389
0.182545
0.207839
0.206546
0.179827
0.183850
0.239155
0.269581
0.330519
0.296611
0.274116
0.260148
0.265872
0.288602
========================21===============
0.329110
0.359488
0.311491
0.327994
0.281783
0.318600
0.318636
0.351648
0.302345
0.317330
0.286349
0.291808
0.331219
0.347170
0.344025
0.349001
0.212813
0.214998
0.318943
0.315334
0.282107
0.290137
0.190883
0.188997
0.185155
0.184496
0.202872
0.234545
0.213825
0.218614
0.232498
0.221182
0.330897
0.337225
0.330498
0.316403
0.331085
0.337387
0.320780
0.316209
0.255563
0.247023
0.199357
0.192726
0.238835
0.237704
0.274882
0.287539
0.324915
0.309034
0.300278
0.297165
0.290992
0.293123
0.294086
0.278593
0.251576
0.253962
0.227363
0.237175
0.354598
0.378810
0.346743
0.319172
0.366166
0.355611
0.356216
0.368116
0.353714
0.320944
0.340146
0.336911
0.348005
0.359643
0.304680
0.314616
0.276435
0.277511
0.267423
0.263495
0.292960
0.294019
0.341222
0.313139
0.326695
0.319310
0.231554
0.239473
0.275751
0.274538
0.195142
0.204475
0.190232
0.196695
0.212199
0.214755
0.184649
0.177236
0.259255
0.220423
0.251782
0.256160
0.248578
0.249461
0.175925
0.175137
0.186486
0.182755
0.206014
0.205441
0.180413
0.185829
0.243714
0.273820
0.331762
0.297147
0.275565
0.259708
0.262690
0.282830
========================22===============
0.330285
0.360446
0.313957
0.330122
0.283050
0.320549
0.318653
0.351831
0.302411
0.316684
0.287266
0.292673
0.331381
0.347342
0.345603
0.350152
0.215254
0.217626
0.322119
0.319179
0.283995
0.291553
0.192357
0.190097
0.185236
0.185036
0.204197
0.238418
0.217649
0.222513
0.235596
0.223614
0.330917
0.337895
0.330938
0.316221
0.331451
0.338047
0.321170
0.313921
0.260499
0.252202
0.201539
0.194483
0.243460
0.242577
0.275612
0.288062
0.324156
0.309521
0.300578
0.298014
0.290998
0.293079
0.297058
0.280596
0.252763
0.255477
0.227651
0.236985
0.355561
0.380266
0.347484
0.319354
0.366324
0.355032
0.356009
0.367828
0.353643
0.320776
0.340490
0.336098
0.350353
0.360853
0.307334
0.317990
0.276801
0.277407
0.266698
0.262350
0.293300
0.294135
0.343801
0.317755
0.328146
0.319935
0.233018
0.241262
0.278514
0.278544
0.195904
0.204960
0.191759
0.198063
0.212340
0.214987
0.184854
0.177252
0.256271
0.219488
0.251590
0.257000
0.249302
0.249534
0.175674
0.175000
0.186990
0.182905
0.203360
0.203230
0.180715
0.184563
0.240278
0.274664
0.331629
0.296863
0.277217
0.260132
0.262081
0.278986
========================23===============
0.329067
0.360054
0.314190
0.330218
0.282217
0.319641
0.318417
0.350424
0.302040
0.316893
0.286696
0.291850
0.330588
0.346580
0.345732
0.350172
0.214053
0.215948
0.321140
0.318230
0.282859
0.291495
0.192521
0.189630
0.185185
0.184522
0.203713
0.238147
0.216248
0.221126
0.236598
0.223032
0.330580
0.337109
0.330470
0.316635
0.331916
0.338766
0.320463
0.311939
0.257422
0.249417
0.199686
0.192699
0.240132
0.239093
0.275132
0.287351
0.323791
0.309088
0.300577
0.297947
0.290958
0.293713
0.294725
0.279573
0.256064
0.256594
0.226011
0.236202
0.354145
0.379007
0.344661
0.317011
0.366728
0.354576
0.356337
0.367750
0.352622
0.319995
0.339600
0.335761
0.348941
0.360576
0.309047
0.319210
0.276467
0.277071
0.266233
0.262528
0.293401
0.294094
0.343255
0.317486
0.328356
0.319998
0.231964
0.240655
0.276654
0.276247
0.195559
0.204741
0.190528
0.197058
0.210603
0.213072
0.183741
0.176897
0.253065
0.218031
0.251209
0.254682
0.246777
0.247655
0.175354
0.175467
0.187870
0.183065
0.206063
0.206176
0.180607
0.184954
0.240249
0.272092
0.330363
0.296378
0.275342
0.259700
0.266992
0.284198
========================24===============
0.328829
0.359675
0.312332
0.329221
0.281821
0.319244
0.318157
0.351143
0.302091
0.316513
0.285423
0.290229
0.330925
0.345939
0.344734
0.349556
0.211625
0.214292
0.319560
0.316518
0.281905
0.289998
0.190722
0.189135
0.185224
0.184496
0.203347
0.234391
0.213182
0.217794
0.232077
0.220153
0.329918
0.336364
0.329854
0.315952
0.331234
0.337700
0.320381
0.314542
0.253872
0.245833
0.198173
0.191813
0.235311
0.235032
0.273508
0.285106
0.323644
0.307968
0.299270
0.296474
0.291471
0.293960
0.294374
0.279321
0.253596
0.254352
0.226284
0.236460
0.354170
0.378493
0.345204
0.318282
0.365788
0.355793
0.355293
0.367165
0.353011
0.321182
0.338789
0.334830
0.347407
0.358895
0.304618
0.314756
0.276066
0.276676
0.266755
0.262614
0.292302
0.292775
0.340051
0.312912
0.325877
0.318190
0.230798
0.238299
0.274751
0.274529
0.195183
0.204151
0.190173
0.196590
0.211823
0.214193
0.184520
0.177217
0.255999
0.218159
0.250677
0.254874
0.247959
0.248659
0.175359
0.175105
0.187984
0.183053
0.208288
0.208291
0.180217
0.184446
0.240054
0.270829
0.330597
0.296807
0.275411
0.260053
0.265217
0.287295
========================25===============
0.329365
0.359906
0.312234
0.328551
0.281689
0.318914
0.318318
0.350675
0.301437
0.316343
0.285206
0.290545
0.330482
0.346342
0.345110
0.349670
0.213727
0.215626
0.319354
0.316152
0.281717
0.290628
0.191333
0.189503
0.185231
0.184513
0.202907
0.236199
0.215432
0.220466
0.233579
0.222169
0.330530
0.337384
0.329798
0.315853
0.331112
0.337585
0.321357
0.318863
0.257718
0.249489
0.200071
0.193480
0.240419
0.240486
0.274084
0.286162
0.322884
0.307230
0.299214
0.296678
0.289781
0.292306
0.294467
0.278414
0.251822
0.253356
0.227265
0.236818
0.354959
0.379764
0.347305
0.320132
0.366552
0.356977
0.355461
0.367008
0.353417
0.320520
0.339846
0.335401
0.349489
0.360127
0.305828
0.316243
0.276172
0.276716
0.266333
0.262246
0.292542
0.293761
0.340619
0.314467
0.326645
0.318657
0.231531
0.240086
0.276499
0.276084
0.195560
0.204838
0.190753
0.197036
0.212114
0.214483
0.184624
0.177200
0.256562
0.219692
0.251433
0.256178
0.248623
0.249343
0.175617
0.175023
0.187181
0.182444
0.206050
0.205536
0.179421
0.184900
0.240563
0.273951
0.331038
0.296715
0.276312
0.260143
0.262878
0.284704
========================26===============
0.329848
0.360460
0.314129
0.330272
0.282742
0.320746
0.318347
0.351077
0.302051
0.316556
0.286742
0.291751
0.330397
0.347146
0.345832
0.350086
0.215689
0.218089
0.321299
0.318872
0.282714
0.291136
0.192333
0.190524
0.185425
0.184915
0.204676
0.239764
0.218635
0.223964
0.237725
0.224691
0.331238
0.337813
0.329980
0.315896
0.331219
0.337990
0.320573
0.311417
0.259969
0.251923
0.201002
0.193608
0.244074
0.242585
0.275941
0.287626
0.323764
0.309015
0.300201
0.298010
0.290391
0.292495
0.296027
0.280078
0.253877
0.255569
0.226728
0.236379
0.354935
0.380093
0.346280
0.317987
0.366677
0.355342
0.355303
0.367287
0.353051
0.319967
0.339558
0.335515
0.350694
0.361065
0.308423
0.318202
0.276218
0.276781
0.265363
0.261689
0.292733
0.294113
0.344623
0.319552
0.328410
0.319791
0.232504
0.241338
0.278189
0.278129
0.195912
0.204818
0.191140
0.197085
0.211594
0.213869
0.184381
0.177137
0.251507
0.216160
0.250424
0.255140
0.248090
0.248584
0.175624
0.175228
0.187029
0.182824
0.204406
0.203538
0.180255
0.184303
0.238275
0.272523
0.330732
0.296472
0.276512
0.259403
0.263798
0.281844
========================27===============
0.328709
0.359920
0.313835
0.330036
0.282014
0.318703
0.318712
0.349923
0.302258
0.316896
0.286090
0.291399
0.330824
0.347023
0.345547
0.350151
0.213007
0.214883
0.321283
0.317814
0.282649
0.290959
0.191919
0.188948
0.184895
0.184579
0.203169
0.236173
0.214760
0.219527
0.234449
0.221435
0.330767
0.336917
0.330946
0.316860
0.331341
0.338024
0.321312
0.312193
0.254857
0.246765
0.198842
0.191940
0.237475
0.237723
0.274825
0.287431
0.324840
0.309259
0.299874
0.296804
0.291481
0.294345
0.293812
0.279262
0.253478
0.255383
0.226085
0.236347
0.353908
0.378175
0.345206
0.317091
0.366072
0.353858
0.355707
0.366981
0.354226
0.320761
0.340034
0.335946
0.347888
0.359826
0.307832
0.317630
0.276712
0.277356
0.266327
0.262859
0.292952
0.293953
0.344235
0.315909
0.328188
0.319819
0.230951
0.239801
0.275487
0.274921
0.195427
0.204136
0.190175
0.196407
0.211030
0.213600
0.183989
0.176875
0.251509
0.217009
0.250560
0.254615
0.247350
0.248299
0.175639
0.175290
0.186898
0.183124
0.207768
0.206394
0.180431
0.185324
0.241013
0.271063
0.330010
0.296541
0.275390
0.260664
0.265004
0.285174
========================28===============
0.328912
0.359952
0.312308
0.328906
0.281929
0.318637
0.318145
0.350659
0.302018
0.316590
0.285773
0.290772
0.331592
0.346634
0.344693
0.349434
0.212327
0.214636
0.320449
0.316478
0.282425
0.290555
0.190623
0.188779
0.185280
0.184462
0.203446
0.234374
0.214245
0.219259
0.232288
0.221914
0.330505
0.336946
0.331236
0.316707
0.331516
0.338082
0.322580
0.315052
0.255485
0.247256
0.199064
0.192789
0.236990
0.236295
0.273695
0.286651
0.324136
0.308763
0.299387
0.296944
0.291451
0.293887
0.295304
0.280384
0.252808
0.254574
0.226755
0.236854
0.354729
0.379101
0.346255
0.318812
0.365554
0.354835
0.355543
0.367063
0.354152
0.321093
0.340436
0.336209
0.348704
0.359125
0.305289
0.315418
0.276624
0.276962
0.267265
0.263402
0.293024
0.293876
0.340906
0.313796
0.326759
0.319137
0.231589
0.239244
0.275940
0.275446
0.195108
0.204041
0.190410
0.196954
0.211848
0.214493
0.184538
0.177177
0.256589
0.219473
0.251222
0.255428
0.248126
0.248949
0.175562
0.175241
0.187426
0.182936
0.206023
0.205923
0.181041
0.184617
0.240657
0.272410
0.331456
0.296223
0.276570
0.260605
0.263535
0.284305
========================29===============
0.329328
0.360221
0.313748
0.330002
0.282876
0.319696
0.317916
0.350911
0.301753
0.316007
0.285965
0.291278
0.331332
0.346932
0.345414
0.349972
0.213060
0.215835
0.322038
0.319023
0.283226
0.291314
0.191315
0.189459
0.185283
0.184571
0.203899
0.236325
0.215825
0.220633
0.234181
0.222950
0.331182
0.337878
0.331258
0.316604
0.331914
0.338311
0.322207
0.316825
0.259298
0.251062
0.200484
0.193764
0.240434
0.241031
0.274604
0.286352
0.323730
0.308861
0.299761
0.297505
0.291052
0.293375
0.296138
0.280421
0.252952
0.254160
0.226935
0.236735
0.354983
0.379549
0.346880
0.319412
0.366273
0.355723
0.355366
0.367149
0.354089
0.320783
0.340669
0.336178
0.349203
0.360118
0.306392
0.316928
0.276374
0.277037
0.266444
0.262477
0.292733
0.293378
0.342002
0.316450
0.327541
0.319041
0.231943
0.239927
0.277381
0.277202
0.195510
0.204821
0.191352
0.197486
0.212100
0.214222
0.184537
0.177291
0.254575
0.218445
0.250855
0.255808
0.248812
0.248983
0.175311
0.175112
0.187502
0.182878
0.204473
0.204197
0.179773
0.184583
0.240317
0.273746
0.329603
0.296731
0.276374
0.259604
0.263610
0.286038
========================30===============
0.329844
0.360696
0.314765
0.330731
0.283139
0.320508
0.317800
0.350681
0.301712
0.316641
0.287085
0.292719
0.330502
0.347309
0.346139
0.350493
0.216066
0.217536
0.322424
0.319687
0.283463
0.291645
0.192654
0.190349
0.185385
0.184675
0.204587
0.239769
0.218682
0.223455
0.237946
0.225023
0.331526
0.338445
0.331063
0.316476
0.331976
0.338629
0.321611
0.312590
0.258888
0.250703
0.199931
0.192927
0.243615
0.242397
0.275439
0.287330
0.323954
0.309320
0.300414
0.298290
0.290852
0.293536
0.296087
0.280483
0.254588
0.254913
0.226414
0.236280
0.354707
0.379944
0.346029
0.317397
0.367656
0.355275
0.356055
0.367824
0.354061
0.320186
0.340699
0.336782
0.350536
0.362377
0.309008
0.319241
0.276444
0.277017
0.265432
0.261979
0.293270
0.294450
0.344876
0.319963
0.328819
0.320249
0.232862
0.241196
0.278014
0.277915
0.195765
0.204801
0.191062
0.197079
0.211086
0.213456
0.184066
0.177106
0.250534
0.215952
0.250327
0.254720
0.247753
0.248235
0.175251
0.175034
0.187344
0.182637
0.203873
0.203497
0.179997
0.185197
0.238258
0.271374
0.330203
0.296692
0.276878
0.259290
0.264007
0.282844
========================31===============
0.328952
0.360129
0.314176
0.330733
0.283077
0.319725
0.318481
0.350558
0.302584
0.316654
0.286600
0.292045
0.331192
0.347140
0.345498
0.350110
0.212611
0.214650
0.322497
0.319333
0.282610
0.290459
0.191132
0.188837
0.185158
0.184359
0.203850
0.235617
0.215237
0.220074
0.234055
0.222546
0.331058
0.337159
0.330888
0.316723
0.332076
0.338509
0.320975
0.312403
0.254058
0.246122
0.198174
0.191968
0.237103
0.236964
0.275480
0.287633
0.324468
0.308852
0.299942
0.297176
0.291783
0.294519
0.294506
0.280078
0.254184
0.256461
0.225905
0.236104
0.354379
0.378218
0.345962
0.317760
0.368191
0.356604
0.356437
0.367980
0.355173
0.321680
0.340450
0.336503
0.348191
0.360625
0.306710
0.316804
0.276534
0.276936
0.266957
0.263000
0.292605
0.293429
0.342492
0.315430
0.327376
0.319627
0.231313
0.239422
0.275503
0.275080
0.195153
0.204001
0.190119
0.196351
0.211171
0.213835
0.184080
0.177062
0.255107
0.217012
0.250678
0.254464
0.247381
0.248179
0.175750
0.175334
0.187029
0.182876
0.207425
0.206066
0.180249
0.184950
0.241072
0.270818
0.329928
0.296699
0.276544
0.260260
0.264854
0.287208
========================32===============
0.329605
0.360999
0.313269
0.330026
0.283003
0.319739
0.318591
0.351115
0.302541
0.317002
0.286378
0.291625
0.331879
0.347427
0.345529
0.350498
0.214089
0.215461
0.321525
0.317902
0.281645
0.289685
0.190730
0.188577
0.185111
0.184313
0.203381
0.234280
0.214469
0.219268
0.232672
0.221954
0.330922
0.337374
0.331062
0.316620
0.331848
0.338159
0.320985
0.312347
0.255781
0.247601
0.199284
0.192562
0.239095
0.237707
0.274920
0.287137
0.324964
0.309152
0.299850
0.297354
0.291118
0.293851
0.295389
0.279768
0.252941
0.255454
0.226605
0.236830
0.355391
0.379803
0.347781
0.319249
0.367944
0.356576
0.356328
0.367829
0.354765
0.321343
0.340921
0.336585
0.349120
0.360628
0.305999
0.316385
0.276462
0.277150
0.267175
0.263168
0.292404
0.293395
0.342888
0.314910
0.327586
0.319518
0.231855
0.239896
0.276506
0.275970
0.195374
0.204227
0.190552
0.196957
0.211904
0.214603
0.184575
0.177105
0.255053
0.218183
0.250856
0.255568
0.248337
0.248994
0.175881
0.175069
0.186941
0.182917
0.205771
0.204830
0.180217
0.185860
0.242172
0.271946
0.331449
0.296329
0.276697
0.260307
0.263307
0.283235
========================33===============
0.330115
0.361142
0.313970
0.330600
0.283527
0.320857
0.318730
0.351191
0.302792
0.317137
0.286753
0.291945
0.332087
0.347783
0.346161
0.350933
0.214672
0.216871
0.322605
0.318944
0.281915
0.290175
0.191383
0.189161
0.185223
0.184791
0.203685
0.236363
0.216036
0.221066
0.233904
0.223761
0.331016
0.338202
0.331489
0.316749
0.331521
0.338098
0.321459
0.312874
0.259740
0.251513
0.201230
0.193689
0.241909
0.240972
0.275884
0.288327
0.325405
0.309847
0.300229
0.297935
0.290833
0.293142
0.296558
0.279905
0.252783
0.255651
0.227406
0.237100
0.356007
0.380331
0.348480
0.319335
0.367368
0.356024
0.355982
0.367864
0.354374
0.321045
0.341679
0.337067
0.350842
0.361498
0.307066
0.317531
0.276361
0.276897
0.267087
0.262787
0.292737
0.293523
0.344144
0.316920
0.328607
0.320371
0.232907
0.241250
0.278336
0.277869
0.195837
0.205297
0.191576
0.197761
0.211880
0.214439
0.184505
0.177102
0.256786
0.219644
0.251475
0.256954
0.248841
0.249315
0.175526
0.175057
0.186687
0.182700
0.203451
0.203172
0.180522
0.185651
0.241762
0.274592
0.331494
0.296725
0.277044
0.259493
0.262151
0.280660
========================34===============
0.330215
0.361488
0.315347
0.331316
0.283399
0.321114
0.318973
0.351641
0.302933
0.317283
0.287925
0.293035
0.332324
0.348108
0.346965
0.351105
0.215552
0.217451
0.323476
0.320749
0.282085
0.290823
0.192060
0.189967
0.185018
0.184910
0.204066
0.240012
0.217795
0.223043
0.236900
0.225415
0.331331
0.338438
0.331914
0.317063
0.332801
0.339423
0.321146
0.311423
0.259956
0.252040
0.200941
0.193344
0.243439
0.241280
0.275757
0.287478
0.325400
0.310332
0.300677
0.298468
0.291251
0.293764
0.295899
0.279919
0.254859
0.256619
0.226333
0.236271
0.355657
0.380400
0.346387
0.317255
0.367734
0.354652
0.356434
0.367983
0.353435
0.320546
0.341343
0.336617
0.350362
0.362179
0.309007
0.319094
0.276902
0.277317
0.266714
0.262337
0.292838
0.293999
0.344534
0.319002
0.328867
0.320835
0.233168
0.241464
0.278263
0.278038
0.195979
0.204928
0.191142
0.197443
0.211072
0.213685
0.184073
0.177068
0.253024
0.217622
0.251228
0.255443
0.247470
0.248252
0.175381
0.175291
0.187400
0.183178
0.204586
0.204436
0.181277
0.184575
0.239260
0.272478
0.330639
0.296897
0.276687
0.259811
0.264795
0.282750
========================35===============
0.329476
0.360871
0.314615
0.331263
0.283518
0.320440
0.319977
0.352249
0.303925
0.318519
0.286980
0.292966
0.333618
0.348486
0.346622
0.351558
0.212509
0.214511
0.322613
0.319604
0.282261
0.290412
0.190429
0.188513
0.185002
0.184887
0.202992
0.236100
0.214358
0.219116
0.232774
0.222645
0.332073
0.338838
0.331442
0.316820
0.333413
0.339562
0.321854
0.314967
0.254243
0.246289
0.198579
0.191781
0.235702
0.235671
0.275257
0.286758
0.326451
0.311081
0.300854
0.298165
0.293009
0.295403
0.295517
0.280518
0.255236
0.256181
0.226597
0.236827
0.354997
0.379631
0.347745
0.318732
0.368719
0.355799
0.357822
0.368928
0.354517
0.322119
0.342205
0.337695
0.348777
0.361663
0.307274
0.317570
0.276974
0.277519
0.267465
0.263144
0.293327
0.293628
0.342453
0.316090
0.328011
0.320389
0.232122
0.239556
0.275348
0.274982
0.194834
0.203844
0.190300
0.196995
0.211400
0.213972
0.184404
0.177089
0.257519
0.218288
0.251419
0.255206
0.247508
0.248728
0.175731
0.175069
0.188115
0.183329
0.206661
0.207457
0.181528
0.183848
0.241884
0.271094
0.331477
0.297472
0.275630
0.259928
0.265992
0.287177
========================36===============
0.329759
0.360482
0.312885
0.329755
0.283403
0.319929
0.319745
0.352117
0.303300
0.318009
0.286600
0.292266
0.333347
0.348461
0.345956
0.351523
0.213057
0.215180
0.321148
0.317346
0.280297
0.289448
0.190345
0.188476
0.184826
0.184637
0.203113
0.234168
0.213758
0.218648
0.232687
0.221808
0.332368
0.338909
0.331518
0.316965
0.332763
0.338944
0.322296
0.317478
0.256607
0.248444
0.199672
0.193081
0.238026
0.239130
0.275620
0.287940
0.325354
0.309894
0.300709
0.297860
0.292194
0.294357
0.295624
0.280021
0.254106
0.254833
0.227166
0.237167
0.355554
0.380184
0.349946
0.320997
0.368925
0.356550
0.357569
0.368875
0.354256
0.321642
0.342650
0.337497
0.350009
0.362684
0.306380
0.316508
0.276699
0.277436
0.267344
0.262830
0.293160
0.293618
0.342548
0.315767
0.327951
0.320097
0.232558
0.240339
0.276197
0.275578
0.195158
0.204407
0.190810
0.197588
0.212227
0.214968
0.184738
0.177245
0.258744
0.220298
0.252016
0.256298
0.248632
0.249436
0.175769
0.174952
0.187513
0.182438
0.207018
0.207126
0.180137
0.183941
0.242291
0.273635
0.332261
0.297386
0.276271
0.260419
0.263806
0.287395
========================37===============
0.330176
0.360564
0.313717
0.329858
0.283591
0.320406
0.319794
0.352668
0.303460
0.317781
0.287714
0.292938
0.333037
0.348707
0.346421
0.351109
0.214945
0.216912
0.321812
0.318147
0.282754
0.291036
0.191407
0.189400
0.185031
0.184996
0.203864
0.237827
0.216578
0.221334
0.235364
0.223363
0.332764
0.339289
0.331982
0.316864
0.332540
0.338804
0.322236
0.321843
0.259102
0.250157
0.200586
0.194026
0.242746
0.242050
0.275252
0.287145
0.325374
0.309624
0.300701
0.298114
0.291351
0.293209
0.296413
0.280190
0.253490
0.253988
0.227774
0.237620
0.356021
0.380944
0.349781
0.320600
0.369291
0.356336
0.357907
0.368970
0.354835
0.321401
0.342852
0.337851
0.350675
0.363050
0.307489
0.317728
0.277011
0.277548
0.267487
0.262745
0.293625
0.294450
0.343106
0.317150
0.328444
0.320371
0.233477
0.241378
0.277415
0.276672
0.195535
0.205004
0.191182
0.197702
0.212697
0.215192
0.184983
0.177424
0.257951
0.220554
0.251836
0.256808
0.249502
0.249828
0.175809
0.175069
0.187303
0.182642
0.204782
0.205224
0.179600
0.184857
0.241830
0.274791
0.331973
0.297058
0.276054
0.260409
0.262579
0.278615
========================38===============
0.330352
0.360563
0.315205
0.331016
0.284304
0.321560
0.319313
0.352826
0.303666
0.318108
0.288027
0.293204
0.331546
0.348961
0.346687
0.350896
0.217501
0.218967
0.322989
0.320047
0.282391
0.290927
0.192486
0.189938
0.185507
0.185095
0.204083
0.239840
0.218979
0.224274
0.236992
0.224583
0.332265
0.339123
0.331400
0.316655
0.332020
0.338707
0.321309
0.313880
0.262398
0.253803
0.202064
0.194711
0.247932
0.244797
0.277385
0.289236
0.325156
0.309674
0.301656
0.299535
0.290642
0.292872
0.297522
0.280924
0.255540
0.256960
0.227412
0.236924
0.355755
0.381287
0.349457
0.319558
0.368312
0.355328
0.356806
0.368518
0.353371
0.320666
0.342203
0.336984
0.351060
0.363021
0.309156
0.319274
0.276954
0.277689
0.266065
0.262375
0.293648
0.294814
0.345002
0.321023
0.329408
0.321408
0.234540
0.242894
0.279514
0.279026
0.195930
0.205305
0.191907
0.197918
0.211658
0.214148
0.184419
0.177179
0.253253
0.217935
0.251038
0.256126
0.248373
0.248717
0.175688
0.175115
0.187184
0.182897
0.203605
0.203052
0.180346
0.184813
0.240880
0.273954
0.331505
0.296693
0.277263
0.259851
0.264007
0.280050
========================39===============
0.328800
0.360034
0.314410
0.330706
0.283578
0.320160
0.319819
0.351725
0.303503
0.318329
0.287154
0.292588
0.329878
0.346892
0.345658
0.350253
0.213522
0.215131
0.321991
0.318625
0.281634
0.290540
0.191357
0.188760
0.184634
0.184657
0.203328
0.238142
0.215305
0.219786
0.235406
0.222518
0.330633
0.337279
0.330450
0.316226
0.331572
0.337807
0.321227
0.312853
0.255317
0.247195
0.198690
0.191892
0.236888
0.237284
0.275953
0.288224
0.325598
0.309698
0.300574
0.297704
0.292554
0.295039
0.296416
0.281420
0.256010
0.256655
0.226137
0.236439
0.354113
0.379926
0.348096
0.318763
0.368914
0.354423
0.356781
0.368118
0.355067
0.322917
0.340821
0.335685
0.348082
0.360941
0.308570
0.318168
0.276836
0.277169
0.266778
0.263135
0.293503
0.294400
0.343782
0.317134
0.328405
0.320336
0.231575
0.240059
0.276040
0.275656
0.195317
0.203929
0.190316
0.196765
0.211387
0.213939
0.184207
0.177028
0.252919
0.217015
0.250497
0.254271
0.247549
0.248556
0.176028
0.175397
0.187813
0.183090
0.209869
0.208737
0.181403
0.186892
0.239630
0.270869
0.330816
0.297506
0.276220
0.261294
0.267165
0.287582
========================40===============
0.328489
0.359095
0.312423
0.328987
0.282688
0.319387
0.319372
0.352573
0.303054
0.317740
0.286655
0.291553
0.329717
0.346064
0.344139
0.348439
0.212658
0.214633
0.320346
0.316878
0.281155
0.289583
0.190387
0.188635
0.185142
0.184776
0.202850
0.235401
0.214093
0.218976
0.232798
0.221635
0.330470
0.337068
0.330369
0.315786
0.330543
0.336723
0.320763
0.318230
0.256877
0.248392
0.199762
0.193104
0.239007
0.237967
0.274194
0.287552
0.323776
0.307961
0.300347
0.297535
0.291037
0.293528
0.295839
0.280113
0.253707
0.254717
0.227150
0.237140
0.354170
0.380159
0.349810
0.321208
0.367882
0.355209
0.356212
0.367234
0.354654
0.322305
0.340663
0.335036
0.347416
0.359255
0.305522
0.315538
0.276681
0.276975
0.267267
0.263368
0.292728
0.293840
0.340067
0.312829
0.326535
0.319018
0.231588
0.239859
0.276327
0.275780
0.195239
0.204296
0.190764
0.197350
0.211669
0.214510
0.184384
0.177151
0.257884
0.220017
0.251834
0.256175
0.248250
0.249475
0.175531
0.175197
0.187236
0.182933
0.206898
0.206596
0.180570
0.184776
0.241335
0.272908
0.332916
0.297922
0.276381
0.260301
0.264646
0.286270
========================41===============
0.329310
0.359497
0.313133
0.329022
0.282605
0.319492
0.318665
0.352053
0.302340
0.316865
0.287188
0.291971
0.329324
0.346217
0.344552
0.348476
0.214764
0.217124
0.320134
0.317369
0.281606
0.290589
0.192005
0.189497
0.185274
0.185128
0.203975
0.238499
0.217622
0.222713
0.236286
0.224233
0.330530
0.337389
0.330621
0.315625
0.330656
0.336839
0.320303
0.315642
0.260716
0.252307
0.201497
0.194357
0.242461
0.241940
0.273868
0.286597
0.322604
0.307233
0.299252
0.297253
0.289579
0.291976
0.296390
0.280176
0.252819
0.255022
0.227357
0.237018
0.354778
0.380448
0.348941
0.320307
0.366939
0.354663
0.355192
0.366572
0.352921
0.320355
0.339461
0.333546
0.349436
0.358485
0.307020
0.316762
0.276167
0.276721
0.266232
0.261784
0.292808
0.293833
0.340044
0.315735
0.326436
0.318791
0.232540
0.241044
0.278068
0.277652
0.195855
0.205171
0.191671
0.197842
0.211956
0.214487
0.184680
0.177245
0.254669
0.218789
0.251459
0.256756
0.248619
0.249125
0.175585
0.175182
0.187287
0.183353
0.203481
0.203150
0.181065
0.183224
0.239234
0.274682
0.330183
0.297095
0.277121
0.259776
0.262632
0.284369
========================42===============
0.327992
0.359260
0.314064
0.330282
0.282727
0.319518
0.318507
0.351035
0.302810
0.317361
0.286791
0.292134
0.328813
0.345952
0.344134
0.348273
0.213389
0.215054
0.321248
0.318918
0.281251
0.290431
0.191701
0.189156
0.184840
0.184565
0.203525
0.238493
0.215701
0.220850
0.235387
0.223135
0.330562
0.337125
0.329437
0.315296
0.330717
0.336955
0.319833
0.310364
0.256359
0.248680
0.198989
0.192156
0.238281
0.236935
0.274203
0.285921
0.323484
0.308199
0.300211
0.298048
0.290830
0.293823
0.295563
0.280716
0.255303
0.255730
0.225609
0.236055
0.353388
0.379174
0.346872
0.318020
0.368014
0.354009
0.355886
0.366861
0.353813
0.321472
0.339044
0.333933
0.347552
0.358548
0.307675
0.317700
0.276153
0.276623
0.265604
0.262208
0.293247
0.293761
0.341453
0.316659
0.327051
0.319120
0.231162
0.239392
0.276466
0.276271
0.195288
0.204188
0.190394
0.196725
0.210650
0.212910
0.183943
0.177116
0.250595
0.215224
0.250811
0.253746
0.246687
0.247696
0.175500
0.175308
0.187507
0.182966
0.204021
0.204810
0.179765
0.183679
0.237837
0.270298
0.330159
0.296686
0.275281
0.258226
0.265144
0.285083
========================43===============
0.328408
0.358872
0.312668
0.329034
0.282585
0.318990
0.318342
0.351381
0.302170
0.317087
0.286005
0.290910
0.329024
0.345240
0.343988
0.348198
0.213219
0.215106
0.319031
0.316271
0.280399
0.289635
0.190533
0.188698
0.184922
0.184755
0.202974
0.235739
0.214667
0.219816
0.233217
0.222188
0.330099
0.336575
0.328817
0.314648
0.330450
0.336051
0.319611
0.312983
0.255900
0.247857
0.199029
0.192500
0.236478
0.236469
0.273587
0.285835
0.322745
0.306905
0.299424
0.297114
0.290350
0.293028
0.295702
0.280314
0.252468
0.253787
0.226728
0.236574
0.353925
0.379529
0.348635
0.319882
0.367612
0.355125
0.355718
0.366948
0.353942
0.321785
0.339463
0.333697
0.347838
0.357502
0.305982
0.316233
0.276122
0.276338
0.266089
0.262276
0.292468
0.293055
0.339735
0.313704
0.326089
0.318263
0.230776
0.238799
0.276026
0.275883
0.195114
0.204231
0.190715
0.196863
0.211957
0.214278
0.184486
0.177231
0.254755
0.217653
0.250936
0.255279
0.248499
0.249039
0.175575
0.174949
0.187428
0.182741
0.206015
0.205972
0.179465
0.185403
0.239455
0.271721
0.331100
0.297114
0.275907
0.259434
0.263756
0.286385
========================44===============
0.328671
0.359354
0.312373
0.329102
0.282426
0.319369
0.318571
0.351900
0.302333
0.317020
0.285910
0.291185
0.330050
0.346171
0.344245
0.348646
0.213665
0.215886
0.319469
0.316689
0.279767
0.289354
0.190889
0.188763
0.185231
0.184832
0.203531
0.236312
0.215360
0.220264
0.234074
0.222896
0.330818
0.337780
0.329528
0.314957
0.330480
0.336319
0.319718
0.314669
0.257885
0.249437
0.199961
0.193329
0.239100
0.239996
0.273345
0.285322
0.322311
0.306801
0.299160
0.296960
0.290074
0.292299
0.295880
0.279721
0.252583
0.253676
0.227022
0.236632
0.354549
0.379897
0.349112
0.320299
0.366930
0.354631
0.355278
0.366649
0.352840
0.321147
0.339391
0.333674
0.348748
0.358625
0.306237
0.316355
0.275948
0.276518
0.266100
0.262197
0.292641
0.293292
0.340106
0.314500
0.326377
0.318443
0.231511
0.239469
0.276537
0.276360
0.195247
0.204626
0.190985
0.197112
0.211750
0.213981
0.184406
0.177216
0.253653
0.218984
0.251037
0.255851
0.248208
0.248902
0.175417
0.174879
0.187227
0.182752
0.204934
0.204868
0.179875
0.185168
0.239687
0.273360
0.330105
0.296383
0.275324
0.259038
0.263183
0.283283
========================45===============
0.329149
0.359966
0.313557
0.329677
0.282829
0.319943
0.317789
0.350820
0.302070
0.316960
0.286660
0.291763
0.330686
0.347296
0.345335
0.349731
0.215684
0.217315
0.320369
0.317954
0.281156
0.290618
0.191813
0.189644
0.185389
0.184865
0.203767
0.239182
0.217645
0.222545
0.236312
0.223631
0.331334
0.337846
0.330032
0.315833
0.331369
0.337590
0.320585
0.310995
0.259554
0.251458
0.200259
0.193128
0.243827
0.242756
0.275306
0.287273
0.324412
0.309157
0.300371
0.298175
0.290549
0.292944
0.295718
0.279899
0.253302
0.254245
0.226631
0.236411
0.354809
0.380225
0.346782
0.317707
0.366295
0.353443
0.355826
0.366960
0.352042
0.319699
0.339853
0.335518
0.350587
0.360857
0.308273
0.318264
0.276194
0.276694
0.264976
0.262057
0.293047
0.294303
0.343812
0.318725
0.327837
0.319677
0.232288
0.240713
0.277868
0.277799
0.195647
0.204931
0.191259
0.197074
0.211296
0.213408
0.184163
0.177185
0.249594
0.215887
0.250267
0.255236
0.247931
0.248367
0.175536
0.175157
0.187474
0.182495
0.203477
0.202872
0.180016
0.184061
0.236559
0.272032
0.330032
0.296468
0.276338
0.259069
0.264239
0.282794
========================46===============
0.328382
0.359634
0.313265
0.330071
0.282482
0.319429
0.317888
0.349946
0.302179
0.317005
0.285777
0.291504
0.331346
0.346904
0.344580
0.349616
0.213045
0.214804
0.320720
0.317914
0.280778
0.290088
0.190653
0.188492
0.184919
0.184205
0.202783
0.235658
0.214483
0.219456
0.233016
0.221407
0.330633
0.336841
0.330421
0.316268
0.331890
0.338681
0.320491
0.312541
0.254414
0.246245
0.198279
0.192247
0.238171
0.236901
0.275343
0.287483
0.325794
0.310147
0.300110
0.297297
0.292135
0.294862
0.293749
0.279133
0.252912
0.254392
0.226010
0.236141
0.354359
0.378185
0.346083
0.317571
0.366829
0.355016
0.356146
0.367463
0.354017
0.321662
0.340617
0.337246
0.348101
0.360310
0.306822
0.316624
0.276525
0.276861
0.266985
0.262702
0.292540
0.293218
0.341795
0.314502
0.326730
0.319190
0.231227
0.239032
0.275054
0.274783
0.195045
0.203767
0.190113
0.196109
0.211200
0.213656
0.184201
0.176998
0.253499
0.216520
0.250467
0.254324
0.247256
0.248202
0.175784
0.175153
0.187055
0.182717
0.207443
0.206437
0.180228
0.184647
0.239194
0.270325
0.330162
0.296555
0.275998
0.259617
0.264562
0.286758
========================47===============
0.328982
0.359700
0.312537
0.329277
0.282301
0.319083
0.317842
0.350761
0.301958
0.316612
0.285629
0.291157
0.331274
0.346886
0.344721
0.349279
0.213734
0.215712
0.320058
0.317029
0.281822
0.290699
0.191058
0.188736
0.185314
0.184670
0.202939
0.236122
0.214675
0.219756
0.233099
0.221743
0.331034
0.337388
0.330515
0.316129
0.331046
0.337393
0.321586
0.315079
0.257389
0.249397
0.199912
0.193175
0.240258
0.238996
0.275526
0.287632
0.325117
0.309537
0.299859
0.297204
0.291400
0.293643
0.295388
0.279732
0.251834
0.254198
0.226938
0.236928
0.354918
0.378851
0.346447
0.318761
0.365539
0.354903
0.355300
0.366766
0.353826
0.321174
0.340457
0.336908
0.349012
0.359617
0.306166
0.316066
0.276534
0.276901
0.267574
0.262778
0.292599
0.293561
0.341617
0.315085
0.327057
0.319156
0.231775
0.239646
0.276475
0.275994
0.195208
0.204302
0.190817
0.197056
0.212091
0.214657
0.184677
0.177238
0.257205
0.218721
0.251064
0.255927
0.248601
0.249178
0.176112
0.175100
0.186937
0.182792
0.207677
0.206323
0.179963
0.184674
0.240637
0.272812
0.331749
0.297154
0.277345
0.260446
0.263342
0.283850
========================48===============
0.329240
0.360188
0.313884
0.330575
0.283391
0.320881
0.318233
0.350928
0.302781
0.317044
0.286082
0.291493
0.330972
0.347519
0.345293
0.349981
0.215170
0.217468
0.322583
0.319579
0.280431
0.289530
0.191823
0.189285
0.185129
0.184715
0.203916
0.235609
0.216136
0.221600
0.233162
0.222844
0.331445
0.337464
0.330736
0.315973
0.331611
0.338105
0.320719
0.311542
0.259352
0.251287
0.200528
0.193112
0.243259
0.241332
0.275694
0.287629
0.325668
0.310512
0.300323
0.297857
0.291393
0.293908
0.296278
0.280779
0.254147
0.255514
0.226364
0.236411
0.354329
0.378934
0.346551
0.317998
0.366405
0.354062
0.354966
0.367118
0.352974
0.320672
0.340279
0.336210
0.348880
0.359979
0.306752
0.317145
0.276522
0.276916
0.266468
0.262093
0.292405
0.293704
0.344032
0.318445
0.327982
0.320004
0.232819
0.241162
0.277844
0.277612
0.195717
0.204700
0.191280
0.197176
0.210975
0.213257
0.184080
0.177054
0.252826
0.216562
0.250431
0.255213
0.247574
0.248000
0.175915
0.175263
0.187027
0.182743
0.202591
0.202206
0.180192
0.184924
0.238719
0.271761
0.331049
0.296506
0.276251
0.258667
0.263329
0.279079
========================49===============
0.329046
0.360563
0.313996
0.330435
0.283073
0.319901
0.318374
0.350432
0.303124
0.317724
0.286839
0.292302
0.330726
0.347042
0.345390
0.350071
0.214304
0.215831
0.321534
0.318547
0.281404
0.290393
0.191616
0.188967
0.185157
0.184642
0.203323
0.237958
0.216447
0.221376
0.235093
0.223560
0.330805
0.337584
0.331163
0.316462
0.331678
0.337701
0.320399
0.310287
0.256391
0.248519
0.199345
0.192186
0.239746
0.238694
0.275134
0.287663
0.326511
0.310987
0.300007
0.297176
0.292226
0.295144
0.295655
0.280800
0.253739
0.255449
0.226005
0.236224
0.354077
0.378892
0.345791
0.317184
0.366852
0.353136
0.355978
0.367256
0.353326
0.320821
0.340118
0.335514
0.348421
0.360001
0.308116
0.317942
0.276695
0.276963
0.266585
0.262893
0.292885
0.293837
0.344009
0.316715
0.328189
0.320222
0.232017
0.240052
0.276511
0.276222
0.195159
0.204560
0.190591
0.196847
0.211114
0.213753
0.184143
0.176910
0.252760
0.217554
0.250673
0.254988
0.247583
0.248157
0.175676
0.175284
0.187149
0.183016
0.207000
0.205912
0.181323
0.186686
0.241423
0.271691
0.330467
0.297061
0.276689
0.260315
0.264854
0.284847
========================50===============
0.329309
0.361164
0.313617
0.330478
0.283030
0.319800
0.319324
0.350242
0.303690
0.317311
0.286740
0.291543
0.332615
0.347710
0.344851
0.350168
0.211828
0.214363
0.322049
0.318623
0.280580
0.289670
0.190119
0.188187
0.184716
0.184744
0.203247
0.234068
0.213579
0.218273
0.231340
0.221762
0.331223
0.337065
0.330696
0.316295
0.332143
0.338278
0.321013
0.312446
0.254723
0.246761
0.198753
0.192077
0.236216
0.235468
0.274181
0.286384
0.326457
0.310888
0.300307
0.297687
0.293043
0.295646
0.295321
0.280900
0.254138
0.256127
0.225954
0.236390
0.354880
0.378950
0.346952
0.317844
0.367801
0.354288
0.356718
0.368052
0.354415
0.322126
0.340931
0.336201
0.347754
0.359988
0.305387
0.315926
0.276472
0.277089
0.267777
0.263140
0.292813
0.293638
0.342413
0.314690
0.327673
0.319941
0.231973
0.239240
0.275875
0.275405
0.194865
0.204016
0.190255
0.196842
0.211017
0.213697
0.184088
0.177023
0.256254
0.217994
0.251376
0.254699
0.247218
0.248552
0.175619
0.175279
0.187585
0.182934
0.205326
0.206100
0.180435
0.183893
0.241222
0.271289
0.331583
0.296914
0.276077
0.260291
0.264452
0.285020
========================51===============
0.329968
0.361464
0.312613
0.329586
0.282664
0.319726
0.319072
0.351256
0.303171
0.317667
0.286607
0.292119
0.333751
0.348683
0.345273
0.350523
0.213548
0.215555
0.320287
0.316999
0.281028
0.290502
0.190751
0.188403
0.184915
0.184760
0.203274
0.236357
0.215435
0.220425
0.233471
0.222323
0.332042
0.338741
0.331426
0.316507
0.332556
0.338642
0.322983
0.319148
0.257503
0.249728
0.199894
0.193540
0.238760
0.239493
0.275263
0.286947
0.326525
0.310487
0.300049
0.297433
0.292384
0.294608
0.296238
0.279882
0.252395
0.253935
0.227570
0.237132
0.356525
0.381446
0.349666
0.321102
0.367659
0.356183
0.356577
0.368606
0.354768
0.322040
0.343072
0.338158
0.350089
0.361809
0.306581
0.316533
0.276457
0.277052
0.267003
0.262733
0.293133
0.293799
0.342845
0.316436
0.328441
0.320138
0.232855
0.240250
0.276789
0.276422
0.195158
0.204669
0.191125
0.197543
0.212324
0.214979
0.184934
0.177331
0.258996
0.220721
0.251757
0.256528
0.249299
0.249619
0.175723
0.175005
0.187549
0.182705
0.206426
0.206634
0.180403
0.183924
0.242642
0.274557
0.331396
0.297370
0.276795
0.260116
0.263238
0.287412
========================52===============
0.329717
0.360763
0.314311
0.331339
0.283919
0.321862
0.318858
0.351953
0.303521
0.318377
0.287704
0.293092
0.332533
0.348597
0.346214
0.351119
0.214801
0.217215
0.322967
0.319986
0.282490
0.291256
0.191809
0.189566
0.184870
0.185166
0.204421
0.238006
0.216965
0.222169
0.235157
0.224057
0.332019
0.339178
0.331764
0.316812
0.332378
0.338876
0.323269
0.319876
0.261067
0.252768
0.201385
0.194563
0.243738
0.243880
0.275836
0.287388
0.325061
0.310512
0.301115
0.298647
0.291482
0.293894
0.297304
0.280905
0.254628
0.255256
0.227461
0.236933
0.355457
0.380598
0.348813
0.320596
0.367568
0.356214
0.356073
0.368502
0.355232
0.322454
0.343005
0.338557
0.350141
0.363343
0.307101
0.317541
0.276351
0.277242
0.266497
0.262115
0.293603
0.294705
0.344901
0.319597
0.328591
0.320835
0.233589
0.241463
0.278555
0.278543
0.195707
0.204915
0.191662
0.198087
0.211662
0.214126
0.184434
0.177277
0.255330
0.219323
0.251181
0.256323
0.248722
0.248918
0.175496
0.175082
0.187571
0.182857
0.203890
0.203671
0.179661
0.183247
0.239981
0.274796
0.331125
0.296767
0.276537
0.259480
0.262909
0.281550
========================53===============
0.328684
0.360142
0.314995
0.331290
0.283041
0.320639
0.317873
0.350735
0.303047
0.317558
0.288165
0.293497
0.330756
0.347702
0.345827
0.350238
0.215882
0.217957
0.323158
0.320799
0.282575
0.291722
0.192222
0.189434
0.185119
0.185167
0.203815
0.240422
0.218091
0.223450
0.236644
0.224736
0.331132
0.337831
0.330928
0.316238
0.331873
0.338376
0.322453
0.314595
0.259290
0.251344
0.200214
0.193421
0.243920
0.242772
0.277156
0.288819
0.324796
0.309480
0.301464
0.298654
0.291323
0.294043
0.296355
0.280788
0.255621
0.256092
0.226524
0.236528
0.353842
0.379411
0.345800
0.318142
0.366276
0.355174
0.355503
0.367629
0.354315
0.321142
0.341123
0.337064
0.349544
0.361951
0.308920
0.318491
0.276265
0.276904
0.265787
0.262098
0.293448
0.294815
0.344485
0.319348
0.328296
0.320536
0.233346
0.241680
0.277760
0.277649
0.195393
0.204917
0.191131
0.197228
0.211072
0.213462
0.184023
0.177068
0.251022
0.215914
0.250798
0.255206
0.248087
0.248508
0.176130
0.175202
0.187181
0.182922
0.205921
0.204772
0.180344
0.185048
0.237667
0.271495
0.330945
0.297211
0.276856
0.260107
0.265133
0.285116
========================54===============
0.328120
0.359861
0.313640
0.330518
0.282819
0.319730
0.318351
0.350422
0.302989
0.317187
0.285965
0.291535
0.331169
0.346996
0.344813
0.349822
0.212597
0.215095
0.322033
0.319193
0.281082
0.289560
0.190282
0.188396
0.184841
0.184812
0.203308
0.234726
0.213363
0.218526
0.231394
0.221900
0.330310
0.336537
0.330183
0.316201
0.331572
0.338314
0.322149
0.316404
0.254784
0.246374
0.198806
0.192323
0.236440
0.235574
0.276041
0.287790
0.325392
0.309693
0.300481
0.297798
0.292481
0.294992
0.296234
0.281516
0.254991
0.256668
0.226236
0.236465
0.353847
0.378121
0.346038
0.318946
0.366471
0.356022
0.355327
0.367474
0.355223
0.323413
0.340817
0.337269
0.347332
0.360557
0.305669
0.315851
0.276312
0.276933
0.267578
0.262859
0.292642
0.293546
0.341915
0.314028
0.326469
0.319446
0.231670
0.239061
0.275381
0.275470
0.194865
0.203866
0.190167
0.196848
0.211297
0.213891
0.184340
0.177062
0.254397
0.217774
0.250778
0.254775
0.247619
0.248298
0.176038
0.175201
0.187893
0.183273
0.208799
0.208246
0.180035
0.184721
0.241494
0.270247
0.331101
0.296947
0.276720
0.260558
0.265707
0.286602
========================55===============
0.328052
0.359408
0.312402
0.329445
0.282076
0.319087
0.317179
0.350577
0.301793
0.316630
0.285426
0.290810
0.329276
0.345568
0.343864
0.348666
0.212727
0.214538
0.320273
0.317958
0.280738
0.289974
0.190837
0.188623
0.184975
0.184586
0.202850
0.235681
0.214821
0.219603
0.232741
0.221936
0.329729
0.336944
0.330816
0.316077
0.330896
0.337572
0.321101
0.319694
0.258129
0.250017
0.200068
0.193605
0.239577
0.239946
0.273698
0.285765
0.322985
0.307522
0.299673
0.296968
0.290608
0.292873
0.294997
0.279577
0.252694
0.253617
0.227060
0.236759
0.353995
0.378574
0.346895
0.320158
0.365264
0.356131
0.353623
0.366417
0.353763
0.321765
0.339951
0.335927
0.347608
0.359093
0.305792
0.315959
0.275762
0.276439
0.265837
0.262228
0.292286
0.293036
0.338936
0.313426
0.325461
0.318075
0.231453
0.239615
0.275878
0.275731
0.195299
0.204729
0.191089
0.197262
0.212105
0.214370
0.184600
0.177293
0.257609
0.220155
0.251467
0.256162
0.248832
0.249128
0.175596
0.175105
0.188193
0.183211
0.206624
0.207542
0.180653
0.183895
0.241366
0.273540
0.331276
0.296845
0.276059
0.259043
0.264569
0.287795
========================56===============
0.329629
0.360493
0.314550
0.330980
0.283684
0.321894
0.318969
0.351959
0.303463
0.317968
0.287871
0.293227
0.331002
0.347973
0.345984
0.350036
0.216263
0.218615
0.322238
0.319735
0.282804
0.291225
0.192438
0.189961
0.184848
0.184934
0.204769
0.239526
0.218254
0.224022
0.236658
0.225113
0.331709
0.338382
0.331052
0.316466
0.332016
0.338801
0.322800
0.314988
0.261168
0.253608
0.201160
0.194134
0.244842
0.244932
0.276013
0.287292
0.325002
0.310566
0.301279
0.298960
0.290697
0.293030
0.296898
0.280950
0.253549
0.255063
0.227256
0.236704
0.355083
0.380347
0.347834
0.320608
0.368201
0.357118
0.355812
0.368406
0.354685
0.322616
0.342255
0.339009
0.350418
0.362399
0.308480
0.318459
0.276464
0.277708
0.265935
0.262317
0.293785
0.295156
0.344218
0.321348
0.328846
0.320963
0.233475
0.242392
0.279091
0.279193
0.195783
0.205055
0.191462
0.197701
0.211546
0.213648
0.184434
0.177161
0.251169
0.216630
0.250863
0.255804
0.248636
0.248555
0.175589
0.175158
0.187219
0.182757
0.201602
0.201616
0.179826
0.183835
0.236952
0.273314
0.329997
0.297286
0.276934
0.259138
0.263122
0.281433
========================57===============
0.328745
0.360528
0.315811
0.332655
0.284571
0.322427
0.319688
0.351625
0.304306
0.319177
0.288142
0.293198
0.330762
0.347262
0.346270
0.350768
0.214162
0.215874
0.324097
0.320892
0.283366
0.291538
0.192214
0.189058
0.184804
0.184800
0.203493
0.239419
0.216533
0.221593
0.235535
0.223629
0.330762
0.337302
0.331266
0.316925
0.332463
0.339148
0.321613
0.313914
0.257262
0.249816
0.199586
0.192786
0.240895
0.240090
0.277206
0.288814
0.325617
0.310638
0.301981
0.299371
0.292232
0.294909
0.295466
0.280587
0.256229
0.257867
0.226711
0.236567
0.353369
0.379258
0.347077
0.320440
0.368749
0.357286
0.356371
0.368155
0.356265
0.323749
0.342558
0.338869
0.348249
0.362593
0.308991
0.318543
0.276521
0.277236
0.266219
0.262771
0.293683
0.294573
0.344194
0.318618
0.328565
0.320678
0.232142
0.240498
0.276798
0.276430
0.195219
0.204158
0.190575
0.196921
0.211332
0.213833
0.183999
0.177001
0.253874
0.217202
0.250854
0.254262
0.247997
0.248593
0.175970
0.175354
0.187349
0.183112
0.208094
0.206481
0.180701
0.186155
0.241935
0.271622
0.330860
0.297672
0.276951
0.260816
0.266629
0.286246
========================58===============
0.328499
0.359512
0.313118
0.330082
0.283122
0.320392
0.318831
0.351281
0.303384
0.317819
0.285754
0.291141
0.330925
0.346583
0.344623
0.349289
0.211954
0.214312
0.321411
0.317709
0.282710
0.290009
0.189956
0.188339
0.185001
0.185034
0.203124
0.234962
0.212359
0.217743
0.230668
0.220970
0.329704
0.336320
0.330150
0.315898
0.331635
0.337996
0.321494
0.314845
0.255515
0.246928
0.198754
0.192242
0.236828
0.235921
0.276012
0.288523
0.325168
0.309874
0.300569
0.297929
0.291847
0.294481
0.295389
0.280116
0.254527
0.256664
0.227021
0.236898
0.353814
0.378808
0.347874
0.320981
0.367513
0.356980
0.355563
0.367422
0.355278
0.323278
0.342084
0.337899
0.347705
0.361274
0.305214
0.315470
0.276777
0.277191
0.267724
0.262707
0.293008
0.293947
0.340901
0.313212
0.326484
0.319365
0.231885
0.239450
0.275515
0.275266
0.194713
0.203870
0.190231
0.196929
0.211518
0.214459
0.184430
0.177033
0.256653
0.218776
0.251317
0.255463
0.248056
0.248962
0.176012
0.175161
0.187724
0.183258
0.209150
0.208046
0.180810
0.185721
0.241556
0.271568
0.332327
0.297411
0.276890
0.261844
0.266379
0.288669
========================59===============
0.328302
0.359579
0.313615
0.330410
0.283244
0.321130
0.319071
0.351550
0.303350
0.317411
0.285900
0.290944
0.330012
0.345960
0.344109
0.348643
0.212820
0.215211
0.322106
0.318812
0.281230
0.290166
0.191029
0.189009
0.184932
0.184943
0.204291
0.235865
0.214785
0.219783
0.233086
0.222682
0.329450
0.336440
0.330641
0.315667
0.331448
0.337916
0.321354
0.318226
0.257385
0.249121
0.199274
0.192950
0.238088
0.237318
0.274892
0.286385
0.324711
0.309545
0.300178
0.297817
0.291680
0.294207
0.294993
0.279900
0.253980
0.255548
0.227144
0.236900
0.353738
0.379338
0.347296
0.320683
0.366694
0.356077
0.354865
0.366499
0.353549
0.321782
0.341196
0.336111
0.347146
0.359147
0.305994
0.316286
0.275891
0.276688
0.265904
0.262107
0.292752
0.293738
0.338796
0.314689
0.325963
0.318375
0.231174
0.239265
0.275822
0.275778
0.195060
0.204210
0.190738
0.197220
0.211822
0.214581
0.184613
0.177291
0.258438
0.219707
0.251774
0.255740
0.248140
0.248589
0.175872
0.175090
0.187747
0.183166
0.205726
0.205991
0.179759
0.182512
0.241259
0.272719
0.331750
0.297125
0.276912
0.259634
0.263997
0.288036
========================60===============
0.328252
0.359284
0.314047
0.330115
0.283407
0.320557
0.318471
0.351102
0.302849
0.316998
0.286196
0.291419
0.329009
0.345987
0.344294
0.348527
0.214266
0.215919
0.321283
0.318517
0.282436
0.291025
0.191193
0.189202
0.185027
0.185189
0.204085
0.237676
0.215291
0.220767
0.234517
0.223404
0.330148
0.337168
0.329966
0.315331
0.331255
0.337395
0.321493
0.318118
0.259904
0.251356
0.200704
0.193587
0.240967
0.241567
0.275575
0.287012
0.324243
0.309747
0.299806
0.297873
0.290442
0.292724
0.295938
0.280173
0.253054
0.255019
0.226927
0.236604
0.353860
0.379421
0.347450
0.319638
0.366613
0.355122
0.354773
0.366233
0.353503
0.321265
0.340954
0.335684
0.348493
0.360182
0.306564
0.316948
0.275837
0.276700
0.265562
0.261146
0.292595
0.293087
0.339563
0.316286
0.326233
0.318466
0.231605
0.240008
0.277126
0.277409
0.195448
0.204571
0.191129
0.197283
0.211409
0.213853
0.184499
0.177301
0.252617
0.217340
0.250886
0.255784
0.248132
0.248452
0.175757
0.175103
0.187747
0.182863
0.203498
0.203607
0.179985
0.184190
0.237011
0.272878
0.330134
0.296986
0.276666
0.259157
0.264257
0.284000
========================61===============
0.327198
0.358745
0.314762
0.330745
0.283004
0.320274
0.317938
0.350133
0.303034
0.316920
0.286934
0.291996
0.328207
0.346036
0.343997
0.347938
0.214893
0.217285
0.322419
0.320433
0.282085
0.290907
0.192040
0.189703
0.184890
0.184831
0.204152
0.239149
0.216787
0.222193
0.235659
0.224694
0.330058
0.336255
0.329782
0.315480
0.331222
0.337572
0.321517
0.315375
0.258051
0.249645
0.199591
0.192339
0.241548
0.240817
0.276317
0.287561
0.324801
0.309350
0.300269
0.297884
0.291011
0.293516
0.295004
0.280462
0.253649
0.255617
0.225837
0.235733
0.352518
0.377615
0.345031
0.317003
0.366550
0.354674
0.354975
0.366346
0.353082
0.320482
0.340215
0.335973
0.346910
0.359693
0.307859
0.317921
0.276159
0.276955
0.265295
0.261238
0.292603
0.293568
0.341829
0.317318
0.326603
0.318688
0.231522
0.240457
0.276503
0.276553
0.195475
0.204349
0.190746
0.196615
0.210791
0.212948
0.184065
0.177090
0.249081
0.214279
0.249815
0.254152
0.247072
0.247564
0.175905
0.175076
0.187181
0.182861
0.205230
0.204226
0.179427
0.184208
0.236519
0.269016
0.330053
0.297108
0.276877
0.259258
0.265502
0.286069
========================62===============
0.327547
0.359044
0.313851
0.330453
0.283074
0.319837
0.318642
0.349956
0.303328
0.317208
0.285977
0.291068
0.329179
0.345852
0.343829
0.348398
0.212616
0.214285
0.321937
0.319091
0.281873
0.290335
0.190339
0.188437
0.184959
0.184790
0.202860
0.235492
0.212441
0.217701
0.231497
0.221650
0.329638
0.335570
0.330080
0.316077
0.331577
0.338146
0.322466
0.316745
0.254700
0.246404
0.198700
0.191927
0.236024
0.236160
0.275758
0.287744
0.326571
0.310601
0.300745
0.297951
0.292410
0.294906
0.295412
0.281063
0.252818
0.256336
0.226119
0.236375
0.353032
0.376950
0.344889
0.317571
0.366284
0.355923
0.355308
0.366777
0.354972
0.322612
0.340293
0.336734
0.346752
0.359037
0.305404
0.315821
0.276404
0.277339
0.266752
0.262146
0.292764
0.293619
0.340794
0.313139
0.326130
0.318815
0.230220
0.238690
0.275591
0.275446
0.194888
0.203873
0.190258
0.196488
0.211096
0.213606
0.184155
0.176954
0.253988
0.216470
0.250587
0.254645
0.247454
0.248247
0.176117
0.175239
0.186804
0.182961
0.204943
0.203950
0.180180
0.184508
0.240651
0.270664
0.331311
0.297769
0.277001
0.259902
0.264556
0.284249
========================63===============
0.328065
0.359359
0.313440
0.330152
0.282801
0.319924
0.319053
0.350703
0.302760
0.317019
0.286739
0.291961
0.331005
0.347148
0.344536
0.349142
0.213444
0.215129
0.321920
0.318844
0.281746
0.290613
0.191223
0.188880
0.184769
0.184835
0.203510
0.236979
0.214496
0.220011
0.233026
0.223239
0.330279
0.336819
0.330606
0.316170
0.331804
0.338336
0.323215
0.315928
0.257919
0.249918
0.199743
0.193203
0.239345
0.239885
0.274404
0.286801
0.324838
0.309569
0.301114
0.298442
0.291400
0.294035
0.295526
0.280727
0.253055
0.254602
0.226910
0.237073
0.354704
0.378571
0.346976
0.319855
0.366938
0.357184
0.355870
0.367493
0.354796
0.321750
0.341044
0.336749
0.348043
0.358827
0.306302
0.316435
0.276675
0.277340
0.266425
0.262343
0.293887
0.294292
0.341885
0.316053
0.327080
0.319616
0.231574
0.240095
0.276980
0.276638
0.195316
0.204620
0.191101
0.197501
0.211787
0.214180
0.184401
0.177092
0.253716
0.218254
0.251723
0.256273
0.248453
0.248983
0.175751
0.175132
0.187166
0.182840
0.203674
0.204120
0.180769
0.183953
0.237617
0.272806
0.333198
0.297327
0.276943
0.259443
0.263782
0.285579
========================64===============
0.328571
0.360295
0.314582
0.331244
0.283326
0.321099
0.318555
0.351060
0.302780
0.317325
0.287806
0.293467
0.330582
0.347883
0.345470
0.349405
0.215712
0.217484
0.323288
0.320772
0.283064
0.291822
0.192042
0.189587
0.184608
0.184699
0.204175
0.240938
0.217584
0.222843
0.237034
0.225227
0.330901
0.337373
0.330974
0.316517
0.331943
0.338453
0.322593
0.313467
0.259705
0.251824
0.200660
0.193311
0.242872
0.243492
0.276581
0.287433
0.324084
0.309413
0.301178
0.299316
0.291219
0.293626
0.297489
0.282090
0.255227
0.256005
0.227030
0.236569
0.354501
0.379406
0.345975
0.318309
0.367055
0.356034
0.355753
0.367879
0.354125
0.320570
0.340073
0.336263
0.349828
0.360921
0.309151
0.318763
0.276485
0.277105
0.265187
0.262246
0.293536
0.294657
0.343644
0.319865
0.328255
0.320446
0.232960
0.241756
0.278547
0.278287
0.195503
0.204710
0.191574
0.197743
0.211087
0.213170
0.184118
0.177035
0.251477
0.215798
0.250564
0.255140
0.248235
0.248125
0.175393
0.175073
0.187600
0.182660
0.203179
0.202734
0.179353
0.184029
0.237020
0.271819
0.330371
0.297068
0.276639
0.258469
0.265276
0.284887
========================65===============
0.327830
0.359557
0.314812
0.331676
0.283450
0.320731
0.318995
0.350618
0.303308
0.317358
0.286602
0.292451
0.330843
0.347541
0.345048
0.349801
0.212327
0.214742
0.324354
0.321037
0.281894
0.290569
0.190702
0.188641
0.184542
0.184676
0.203053
0.236018
0.213534
0.218907
0.232569
0.222395
0.330459
0.336912
0.330746
0.316218
0.332014
0.338323
0.321630
0.313150
0.254153
0.246131
0.197843
0.191555
0.237257
0.237256
0.276148
0.288146
0.326096
0.309871
0.301153
0.298281
0.293351
0.295756
0.295445
0.281515
0.255198
0.257233
0.225850
0.236072
0.353304
0.377243
0.345960
0.318028
0.367652
0.355614
0.356549
0.367777
0.355904
0.322765
0.339886
0.336447
0.346273
0.359417
0.306930
0.316893
0.276744
0.277509
0.266908
0.262755
0.293273
0.294421
0.342920
0.315959
0.327187
0.320030
0.230848
0.239554
0.275342
0.274994
0.194860
0.203734
0.190178
0.196248
0.211054
0.213670
0.184084
0.176982
0.254036
0.215273
0.250158
0.253647
0.247293
0.248147
0.175982
0.175281
0.187537
0.182942
0.208986
0.207069
0.180367
0.184505
0.239746
0.269452
0.331276
0.297515
0.276502
0.260960
0.266864
0.289171
========================66===============
0.328917
0.360216
0.312533
0.329547
0.282995
0.320011
0.319124
0.351149
0.303277
0.317937
0.285855
0.291652
0.331181
0.347094
0.344764
0.350208
0.211850
0.214493
0.320718
0.316780
0.281077
0.290114
0.190258
0.188267
0.184748
0.184883
0.202306
0.235497
0.212590
0.217952
0.231701
0.221560
0.330833
0.337078
0.330410
0.316201
0.331775
0.338081
0.321632
0.313729
0.256119
0.248080
0.199932
0.192808
0.237874
0.237939
0.275852
0.288457
0.326525
0.310651
0.301143
0.298311
0.292664
0.294568
0.296955
0.282109
0.253323
0.255945
0.227109
0.237206
0.354759
0.378958
0.347742
0.319814
0.367032
0.355905
0.355691
0.367741
0.353672
0.321824
0.341004
0.336946
0.348243
0.360571
0.306102
0.316093
0.276791
0.276941
0.266989
0.262716
0.293006
0.293806
0.342090
0.313945
0.327049
0.319794
0.231450
0.240072
0.276305
0.275951
0.195177
0.203979
0.190793
0.197317
0.211748
0.214402
0.184483
0.177050
0.256065
0.218747
0.251204
0.255900
0.248371
0.249158
0.175942
0.175231
0.186927
0.182885
0.206206
0.205205
0.180344
0.185374
0.242763
0.272339
0.332621
0.297764
0.277199
0.260435
0.263558
0.285204
========================67===============
0.328831
0.360315
0.314140
0.331770
0.283767
0.322326
0.319638
0.352438
0.304001
0.318491
0.287153
0.292051
0.331911
0.348278
0.344792
0.349741
0.213293
0.215288
0.323459
0.320106
0.282300
0.290991
0.191124
0.188979
0.185251
0.184757
0.204752
0.235783
0.214365
0.219171
0.232333
0.222303
0.330531
0.337972
0.331654
0.316823
0.332038
0.338990
0.321143
0.315295
0.257993
0.249967
0.200111
0.193369
0.239178
0.238622
0.275493
0.287495
0.326536
0.311387
0.300820
0.298441
0.293132
0.295200
0.297382
0.282118
0.254487
0.255890
0.226826
0.236826
0.354203
0.379080
0.348248
0.320686
0.367161
0.356771
0.355603
0.368232
0.353700
0.322745
0.340966
0.336677
0.347336
0.359695
0.305723
0.315968
0.276405
0.277731
0.266837
0.262346
0.293176
0.294168
0.342463
0.317036
0.327162
0.320508
0.232320
0.240185
0.276939
0.277032
0.195161
0.204102
0.191055
0.197563
0.211414
0.213818
0.184341
0.177034
0.256833
0.218672
0.251555
0.255774
0.248049
0.248635
0.175488
0.175259
0.187374
0.182925
0.201978
0.202735
0.180499
0.183180
0.240758
0.272744
0.331449
0.297243
0.276706
0.258968
0.262398
0.283972
========================68===============
0.329213
0.360517
0.314980
0.331446
0.283641
0.321886
0.318874
0.352098
0.303411
0.317965
0.287678
0.293097
0.330547
0.347894
0.345564
0.349706
0.215371
0.217469
0.322574
0.320878
0.282761
0.291544
0.192221
0.189995
0.185240
0.185383
0.204497
0.241192
0.217727
0.223429
0.237252
0.225053
0.330943
0.338128
0.330352
0.315692
0.331894
0.338270
0.321041
0.312517
0.260483
0.252843
0.200658
0.193395
0.242745
0.241871
0.276969
0.287885
0.325141
0.310923
0.301021
0.299132
0.291708
0.294168
0.297695
0.282221
0.255627
0.255825
0.226595
0.236275
0.354360
0.380224
0.346280
0.318657
0.366578
0.355190
0.355476
0.367824
0.352594
0.320942
0.340197
0.336055
0.349343
0.361544
0.308447
0.318394
0.276337
0.277248
0.265519
0.261995
0.293325
0.293952
0.343224
0.320770
0.328384
0.320788
0.232952
0.241334
0.278498
0.278787
0.195525
0.204746
0.191523
0.197628
0.211339
0.213508
0.184443
0.177205
0.249135
0.214991
0.250780
0.255338
0.248176
0.248178
0.175572
0.175090
0.188275
0.183030
0.203079
0.203127
0.179443
0.183709
0.234859
0.271885
0.330214
0.296929
0.277484
0.258584
0.265121
0.283900
========================69===============
0.327924
0.360011
0.314125
0.330973
0.283114
0.320565
0.319943
0.350977
0.304027
0.318087
0.287128
0.291302
0.331488
0.348115
0.344134
0.349170
0.212429
0.213989
0.322581
0.319441
0.281571
0.290072
0.190683
0.188507
0.185456
0.184634
0.203737
0.235097
0.212632
0.217349
0.231283
0.221601
0.330390
0.336613
0.329490
0.315525
0.332219
0.338612
0.321706
0.313089
0.253119
0.245025
0.197763
0.191320
0.235635
0.234765
0.276112
0.287781
0.325709
0.310287
0.300758
0.298017
0.293413
0.295730
0.295877
0.282010
0.254572
0.256449
0.225483
0.235784
0.353284
0.378233
0.346218
0.318876
0.368847
0.356510
0.356837
0.368250
0.354862
0.323266
0.340419
0.336544
0.346176
0.359848
0.306476
0.316671
0.276788
0.277442
0.266721
0.262320
0.292951
0.293395
0.342948
0.316209
0.327120
0.320162
0.231460
0.238548
0.275077
0.274904
0.194545
0.203626
0.190168
0.196368
0.210960
0.213306
0.184160
0.176946
0.252519
0.214956
0.250073
0.253554
0.247350
0.247877
0.175590
0.175087
0.187624
0.182832
0.206524
0.205582
0.179834
0.184247
0.239415
0.268384
0.331066
0.297575
0.276471
0.260427
0.266083
0.287967
========================70===============
0.328460
0.360333
0.312663
0.329662
0.282598
0.320198
0.319808
0.352238
0.303580
0.318025
0.286969
0.291838
0.332446
0.348385
0.343922
0.348915
0.213879
0.215037
0.321077
0.317946
0.281315
0.290240
0.190780
0.188799
0.185179
0.185262
0.203972
0.235227
0.213599
0.218888
0.232300
0.222302
0.330862
0.337357
0.330165
0.315448
0.331262
0.337386
0.321119
0.316753
0.256736
0.248250
0.199634
0.192883
0.239246
0.237548
0.275832
0.287639
0.325169
0.309454
0.300855
0.298428
0.292164
0.294588
0.296171
0.280735
0.254034
0.255096
0.227128
0.237044
0.354760
0.379446
0.347846
0.320269
0.367308
0.356233
0.355962
0.367587
0.354768
0.322137
0.340417
0.336348
0.347926
0.359674
0.305546
0.315664
0.276964
0.277222
0.267173
0.263049
0.293146
0.294042
0.341505
0.314728
0.327073
0.319761
0.232214
0.239718
0.276183
0.275806
0.194985
0.204042
0.190661
0.197025
0.211949
0.214382
0.184574
0.177146
0.258769
0.219695
0.251649
0.256004
0.248615
0.249166
0.175951
0.175029
0.187188
0.182715
0.206368
0.205401
0.179488
0.184399
0.242404
0.273344
0.332285
0.297122
0.276479
0.259998
0.263901
0.282983
========================71===============
0.329238
0.360437
0.314899
0.331220
0.283893
0.321671
0.319184
0.351556
0.303895
0.318254
0.287511
0.291840
0.331030
0.348027
0.344666
0.349280
0.215451
0.216705
0.322830
0.319820
0.282562
0.290373
0.191467
0.188978
0.185483
0.184996
0.204554
0.235849
0.215077
0.220105
0.232471
0.222287
0.330612
0.337195
0.330288
0.315433
0.331166
0.337778
0.321200
0.314520
0.259646
0.251859
0.200828
0.193677
0.243135
0.240747
0.276609
0.288830
0.325220
0.310325
0.300657
0.298605
0.291890
0.293975
0.297581
0.282511
0.253557
0.256911
0.226606
0.236599
0.354295
0.378831
0.346639
0.318479
0.366598
0.355447
0.355533
0.367381
0.354438
0.322067
0.339891
0.335517
0.348789
0.359494
0.306249
0.316817
0.276707
0.277645
0.266059
0.262791
0.293071
0.293941
0.343314
0.318879
0.327712
0.320593
0.233103
0.241024
0.278128
0.278514
0.195423
0.204423
0.191289
0.197554
0.211464
0.214047
0.184516
0.177120
0.254073
0.216971
0.250921
0.255791
0.248262
0.248614
0.175854
0.175040
0.187195
0.183036
0.202448
0.202005
0.180003
0.184927
0.237899
0.272260
0.331631
0.296568
0.277693
0.259388
0.262932
0.279326
========================72===============
0.328492
0.360520
0.315576
0.331813
0.283700
0.321379
0.318922
0.350570
0.303416
0.317389
0.287873
0.292521
0.329988
0.347806
0.345038
0.349385
0.214840
0.216825
0.323728
0.321328
0.282913
0.291288
0.192498
0.190108
0.184848
0.184831
0.203971
0.240611
0.216754
0.222119
0.236521
0.225004
0.330158
0.336874
0.330627
0.316264
0.331460
0.338241
0.321639
0.311386
0.259768
0.252542
0.200942
0.193189
0.242844
0.242542
0.275866
0.288017
0.324971
0.310642
0.300952
0.299101
0.291946
0.294511
0.296845
0.282260
0.254977
0.257293
0.226195
0.236299
0.353628
0.378799
0.345187
0.317877
0.366821
0.354689
0.355732
0.367433
0.354144
0.321445
0.339638
0.335328
0.347551
0.359164
0.308918
0.318593
0.276713
0.277577
0.265336
0.261858
0.293142
0.294059
0.344035
0.319778
0.328646
0.320410
0.232512
0.241544
0.278065
0.278037
0.195699
0.204654
0.191530
0.197607
0.210975
0.213297
0.183961
0.176914
0.250538
0.214705
0.250485
0.255046
0.247667
0.247826
0.175510
0.175338
0.187569
0.183150
0.204009
0.203935
0.180737
0.185228
0.234376
0.270998
0.330631
0.297246
0.277432
0.259690
0.265259
0.282523
========================73===============
0.328704
0.360425
0.313216
0.329752
0.282914
0.319486
0.319045
0.350551
0.303275
0.317288
0.285968
0.291021
0.331135
0.347467
0.344530
0.350083
0.211321
0.213780
0.320893
0.317108
0.281433
0.290279
0.190553
0.188231
0.184487
0.184865
0.202632
0.236026
0.212404
0.217460
0.232224
0.221237
0.330171
0.336668
0.330133
0.316066
0.332242
0.338259
0.321295
0.312649
0.254405
0.246186
0.198495
0.191964
0.234946
0.236642
0.274273
0.286525
0.326105
0.310940
0.300162
0.297498
0.292679
0.295509
0.296009
0.281595
0.253239
0.255497
0.226290
0.236575
0.354498
0.379064
0.347328
0.319347
0.367335
0.354744
0.356247
0.367834
0.354264
0.322454
0.340707
0.336341
0.346994
0.359590
0.305463
0.315450
0.276328
0.277087
0.266438
0.261912
0.292953
0.293307
0.341917
0.315185
0.327150
0.319603
0.230813
0.238749
0.275422
0.275084
0.194758
0.204014
0.190349
0.196970
0.211561
0.213950
0.184291
0.177014
0.254020
0.216620
0.250738
0.254426
0.248021
0.248642
0.175715
0.175233
0.187494
0.182971
0.205768
0.206765
0.180378
0.184090
0.238708
0.270511
0.330855
0.297213
0.275538
0.259998
0.264197
0.286805
========================74===============
0.328735
0.360273
0.312799
0.329816
0.282714
0.319996
0.318948
0.351243
0.302943
0.317269
0.285645
0.290843
0.331786
0.348125
0.344414
0.349427
0.213531
0.215213
0.321153
0.317679
0.281613
0.290275
0.190842
0.188460
0.184601
0.184966
0.203190
0.235250
0.213831
0.218983
0.231347
0.221875
0.330844
0.337538
0.330594
0.316051
0.331691
0.337792
0.321274
0.314282
0.256932
0.249180
0.199974
0.193240
0.238087
0.239081
0.275470
0.287566
0.325660
0.309832
0.300717
0.298132
0.292656
0.294938
0.296976
0.281725
0.254024
0.254816
0.226976
0.236928
0.354489
0.379483
0.348255
0.320585
0.366351
0.354969
0.355240
0.367149
0.353298
0.321816
0.341028
0.336506
0.347656
0.360058
0.305585
0.315650
0.276357
0.277485
0.266700
0.262343
0.292823
0.293517
0.340735
0.315389
0.326812
0.319259
0.232085
0.239780
0.276130
0.276240
0.194995
0.204600
0.191018
0.197428
0.211514
0.213862
0.184337
0.177117
0.256435
0.219263
0.251473
0.255713
0.248689
0.248906
0.175771
0.174971
0.187482
0.182622
0.205482
0.205331
0.179678
0.183970
0.239709
0.273132
0.331642
0.297249
0.276529
0.259655
0.263868
0.285138
========================75===============
0.329907
0.361133
0.313746
0.330630
0.283235
0.320995
0.319283
0.351437
0.303086
0.316989
0.286465
0.291805
0.331256
0.347950
0.345606
0.349659
0.215645
0.218261
0.321552
0.319054
0.282081
0.291236
0.192036
0.189700
0.185037
0.184975
0.204028
0.238976
0.217150
0.222781
0.235772
0.224200
0.330771
0.337646
0.330553
0.316258
0.331124
0.337543
0.321115
0.313419
0.261394
0.253339
0.201304
0.194464
0.245692
0.244395
0.276652
0.288161
0.324872
0.309530
0.301119
0.298945
0.291140
0.293309
0.297779
0.282151
0.254891
0.255640
0.227114
0.236681
0.354840
0.380234
0.347699
0.320063
0.365326
0.354656
0.354015
0.366459
0.352327
0.321227
0.341091
0.336964
0.349701
0.361255
0.307636
0.317595
0.276215
0.277155
0.265777
0.262133
0.293461
0.294590
0.343144
0.319534
0.328227
0.319922
0.232753
0.241609
0.278349
0.278421
0.195626
0.205034
0.191535
0.197489
0.211661
0.214083
0.184527
0.177176
0.251759
0.217079
0.250817
0.255769
0.248412
0.248796
0.175812
0.175182
0.187400
0.183009
0.204134
0.203465
0.180018
0.184272
0.237133
0.273645
0.331929
0.297443
0.277763
0.259936
0.264277
0.281824
========================76===============
0.328630
0.360114
0.314465
0.331204
0.283382
0.320644
0.319553
0.350215
0.303671
0.317295
0.285961
0.291066
0.330809
0.347555
0.345015
0.349361
0.213215
0.215286
0.322251
0.319244
0.282630
0.290440
0.191157
0.188748
0.184567
0.184966
0.202935
0.237672
0.214141
0.219361
0.233051
0.222445
0.330425
0.336919
0.330279
0.316065
0.331979
0.338405
0.322075
0.313029
0.256133
0.248540
0.199084
0.192272
0.238151
0.237502
0.276116
0.288062
0.325586
0.309326
0.300997
0.298402
0.292261
0.294542
0.295978
0.281605
0.255419
0.256998
0.226053
0.236285
0.353369
0.378276
0.346112
0.318422
0.366997
0.355314
0.355460
0.366965
0.354544
0.322715
0.341190
0.337320
0.346879
0.359717
0.307865
0.317809
0.276743
0.277356
0.266830
0.262768
0.293394
0.294338
0.343485
0.317040
0.327676
0.319729
0.231379
0.239884
0.276091
0.275900
0.195188
0.204013
0.190395
0.196649
0.210754
0.213147
0.183922
0.176819
0.253767
0.217037
0.250743
0.254464
0.247338
0.247753
0.175883
0.175204
0.187198
0.183218
0.207137
0.205745
0.180094
0.185841
0.240883
0.271220
0.331026
0.297304
0.276677
0.260605
0.266873
0.285370
========================77===============
0.328682
0.359889
0.313322
0.330222
0.282937
0.319881
0.319258
0.350815
0.303285
0.317058
0.286088
0.291101
0.330768
0.346774
0.344567
0.348836
0.211994
0.214543
0.321473
0.317970
0.282131
0.290314
0.190289
0.188484
0.184710
0.184870
0.203318
0.235514
0.213782
0.218897
0.232019
0.222200
0.330125
0.336801
0.331076
0.316665
0.331766
0.338535
0.322287
0.314789
0.256726
0.248287
0.199243
0.192971
0.237783
0.236626
0.274904
0.287349
0.325230
0.309294
0.300609
0.298199
0.292027
0.294264
0.295888
0.281097
0.253597
0.256013
0.226845
0.237050
0.354019
0.378287
0.346876
0.320107
0.366497
0.357068
0.354914
0.366969
0.354315
0.321904
0.341349
0.336689
0.346970
0.359263
0.305505
0.315527
0.276298
0.277136
0.267061
0.262504
0.292997
0.294028
0.340268
0.314067
0.326401
0.318963
0.231292
0.239257
0.275892
0.275749
0.195012
0.203954
0.190568
0.197251
0.211852
0.214686
0.184684
0.177144
0.257146
0.219065
0.251837
0.255823
0.248568
0.249197
0.175645
0.175036
0.187593
0.183127
0.206968
0.207238
0.180621
0.183712
0.240470
0.272555
0.333286
0.298015
0.277712
0.261013
0.265205
0.286314
========================78===============
0.328255
0.360085
0.314264
0.331426
0.283730
0.321463
0.319490
0.351452
0.304047
0.317932
0.286699
0.291227
0.330890
0.347414
0.344664
0.348970
0.212938
0.215215
0.323094
0.319736
0.283169
0.290899
0.190471
0.188353
0.185572
0.185039
0.203922
0.235158
0.213258
0.217366
0.231246
0.221241
0.330402
0.337343
0.331455
0.316336
0.331939
0.338431
0.322600
0.318725
0.257133
0.248937
0.199510
0.192995
0.237366
0.237810
0.275937
0.287091
0.325549
0.310415
0.300812
0.298561
0.292160
0.294386
0.296585
0.281674
0.254761
0.256077
0.226644
0.236676
0.353839
0.378409
0.345876
0.319171
0.366255
0.356835
0.355108
0.367155
0.354012
0.322308
0.340472
0.335999
0.347099
0.359127
0.305840
0.316078
0.276370
0.277541
0.265979
0.262367
0.293294
0.293793
0.340486
0.316766
0.326692
0.319565
0.232112
0.239630
0.276254
0.276570
0.195045
0.204062
0.190813
0.197210
0.211328
0.213510
0.184372
0.177147
0.254572
0.217690
0.251430
0.255613
0.247865
0.248213
0.175748
0.175027
0.187882
0.182897
0.202481
0.202737
0.179640
0.184305
0.238049
0.272283
0.331091
0.296969
0.276740
0.258629
0.264726
0.284798
========================79===============
0.328215
0.360133
0.316179
0.332636
0.284315
0.322573
0.319292
0.351580
0.304248
0.317829
0.287636
0.292561
0.330283
0.348110
0.345676
0.349786
0.215283
0.217125
0.324389
0.321821
0.284363
0.291450
0.192012
0.189754
0.184751
0.185407
0.204660
0.239907
0.216520
0.222291
0.236101
0.224374
0.330986
0.337588
0.330471
0.316086
0.331993
0.338609
0.321665
0.312213
0.259468
0.251701
0.200095
0.192983
0.243093
0.241899
0.277281
0.288551
0.326651
0.311937
0.301970
0.299500
0.292705
0.295181
0.297150
0.282562
0.255344
0.257122
0.226494
0.236358
0.353666
0.378914
0.346131
0.318878
0.368387
0.357337
0.355980
0.368125
0.354734
0.322661
0.341489
0.337239
0.348387
0.361032
0.309321
0.319182
0.276728
0.278058
0.265763
0.262284
0.293547
0.294630
0.344354
0.321007
0.328261
0.320393
0.232607
0.241321
0.277738
0.278287
0.195409
0.204343
0.190977
0.197304
0.211047
0.213351
0.184334
0.177079
0.248858
0.214612
0.250870
0.254822
0.247971
0.248301
0.175381
0.175032
0.187603
0.183114
0.204366
0.203509
0.179813
0.184172
0.235580
0.270651
0.331259
0.297976
0.277895
0.259221
0.266075
0.283847
========================80===============
0.328022
0.359750
0.314380
0.331309
0.283864
0.321247
0.319215
0.351053
0.303877
0.317446
0.286980
0.291206
0.330180
0.347509
0.344736
0.349381
0.212975
0.214858
0.323067
0.319615
0.282971
0.290419
0.190953
0.188753
0.185120
0.185442
0.203686
0.236561
0.213673
0.218593
0.232448
0.222308
0.329814
0.336354
0.330452
0.316158
0.331801
0.338542
0.321861
0.313154
0.256208
0.248252
0.199685
0.192756
0.237419
0.236395
0.277188
0.288751
0.326632
0.311253
0.301468
0.298895
0.293061
0.295393
0.296574
0.281567
0.254660
0.257531
0.227126
0.237083
0.353608
0.378261
0.346182
0.319945
0.367896
0.357636
0.355913
0.367889
0.355263
0.323120
0.341454
0.337153
0.346562
0.359461
0.307172
0.317104
0.276945
0.277845
0.266571
0.262846
0.293523
0.293987
0.341851
0.316533
0.326787
0.319883
0.231654
0.239686
0.275884
0.275953
0.195071
0.203806
0.190617
0.197374
0.211362
0.213922
0.184119
0.177070
0.253793
0.217630
0.251337
0.255519
0.248322
0.248971
0.175636
0.175206
0.186788
0.183095
0.206143
0.204844
0.179848
0.185161
0.239842
0.271767
0.331964
0.297998
0.277503
0.260307
0.264039
0.285829
========================81===============
0.328301
0.359931
0.314708
0.331529
0.283949
0.321856
0.318828
0.351460
0.303843
0.317519
0.287140
0.291318
0.329796
0.347477
0.344498
0.348746
0.214192
0.216528
0.323537
0.320394
0.283243
0.291156
0.191052
0.189129
0.184958
0.185460
0.204490
0.236661
0.214687
0.220147
0.233952
0.222868
0.329515
0.337036
0.330862
0.315807
0.331404
0.337965
0.322169
0.313833
0.261203
0.253117
0.201183
0.194316
0.242923
0.241639
0.276519
0.288508
0.325625
0.311284
0.301451
0.299360
0.291869
0.294355
0.297762
0.282171
0.254716
0.256308
0.226974
0.236685
0.354077
0.379042
0.347706
0.320415
0.366520
0.356316
0.354511
0.366888
0.354223
0.322210
0.341475
0.336508
0.347864
0.359088
0.306302
0.316272
0.276201
0.277546
0.265654
0.261950
0.293130
0.293931
0.341316
0.317707
0.326644
0.319805
0.232591
0.241459
0.278406
0.278687
0.195692
0.204615
0.191443
0.197914
0.211271
0.213925
0.184361
0.177129
0.253546
0.217344
0.251255
0.255638
0.247933
0.248366
0.175382
0.175235
0.187591
0.183061
0.201467
0.202297
0.180131
0.184316
0.236980
0.273475
0.331460
0.297348
0.277773
0.259486
0.263280
0.279781
========================82===============
0.327624
0.359817
0.315925
0.331989
0.283904
0.321353
0.318889
0.350247
0.304001
0.317539
0.287354
0.291428
0.329202
0.346855
0.344863
0.348742
0.214387
0.216340
0.323909
0.321102
0.284982
0.291673
0.192074
0.189688
0.184681
0.185041
0.204126
0.240167
0.215207
0.220707
0.235849
0.223656
0.329988
0.336518
0.330334
0.315970
0.332147
0.338716
0.322775
0.312806
0.256542
0.248916
0.198933
0.192244
0.237223
0.237455
0.276685
0.287594
0.326471
0.311817
0.301208
0.299014
0.293252
0.295794
0.296927
0.282691
0.256163
0.257508
0.225941
0.235896
0.352862
0.378196
0.345189
0.317808
0.368179
0.355446
0.355554
0.367114
0.354958
0.322410
0.340747
0.336385
0.346767
0.359233
0.308789
0.318511
0.276303
0.277639
0.264858
0.261885
0.293828
0.294067
0.343223
0.320070
0.328008
0.319975
0.231189
0.239942
0.276563
0.276904
0.195120
0.204201
0.190605
0.196838
0.210421
0.212797
0.183858
0.176965
0.250094
0.214836
0.250521
0.253982
0.247132
0.247364
0.175565
0.175258
0.188192
0.183140
0.204896
0.204727
0.180042
0.183391
0.237501
0.269755
0.331163
0.297802
0.277004
0.259389
0.267929
0.286325
========================83===============
