238627
30119
32918
243898
25405
33832
41799
41806
254582
257270
259653
259796
260581
346242
25737
26236
27140
28442
29252
42137
561265
395978
249403
248517
258594
268919
279470
281882
287994
322012
331752
499406
265542
271895
294222
351495
355099
381184
381382
20472
33343
17079
30482
38573
282005
283915
375336
7025
7055
7071
7211
8460
7302
7679
7721
8314
8669
11673
239736
245491
244900
256865
260769
314042
316089
330056
325980
335369
35551
35973
36656
41029
24864
28222
36156
36129
238532
290413
296878
297693
19597
20555
23618
23534
29147
28715
33986
36169
43134
296776
296859
300089
308178
360324
238745
240491
243629
269615
289484
291667
294334
13175
20106
28391
42082
20335
19183
29883
30710
15110
17168
19093
38051
262076
268930
266625
272231
273504
301389
306069
360314
382181
258947
269273
280783
300335
315857
343916
345563
9882
12299
25284
25076
41244
24075
7161
7332
8979
10117
10855
10252
12280
15907
255992
413241
267459
269153
267885
7899
9329
9046
9817
9424
9736
9691
10238
25388
25178
25757
35586
41822
41191
40549
232428
253493
280812
291858
372408
384974
241013
250350
255570
261332
324279
352573
14881
15330
38417
33053
46992
38219
229148
228879
234922
255978
280369
282638
27717
25240
13526
15271
17821
29097
30291
34068
261819
262773
267561
272396
274156
313900
331952
20406
21947
27336
29604
33521
32713
388340
389487
252069
360666
360626
362095
362932
359743
8958
10698
13111
16692
242274
280956
315159
16408
16109
19462
23138
23387
23373
30132
33887
270466
281772
306469
316737
321504
323094
355515
371195
367200
376435
14468
355054
372387
218391
228854
242120
285690
273584
315489
333832
369977
9924
12139
26562
32379
42754
47552
72742
228302
237030
237210
238383
241375
257470
273198
284331
33309
39932
343041
344149
290814
357474
376939
14584
17388
23159
23927
26126
46183
46230
46340
243891
15656
16203
19123
19357
20075
23282
30171
7657
7783
8036
8023
8584
9362
9287
10385
11967
15717
25578
23809
35153
42887
307594
376818
791888
738301
251996
268979
274494
322076
360599
372701
379376
302279
305573
318607
348757
54302
245969
276963
10365
16255
16274
14188
17354
41074
247636
266888
268159
285080
286553
304867
314311
308459
315948
342679
393941
359044
13190
13204
19679
93762
78264
110080
241094
253469
257382
265938
273679
346808
373616
8224
9850
13166
14077
14952
16061
16051
14611
33660
239985
242231
243001
247513
348826
411283
748893
289564
289653
368412
387095
24028
24213
24763
27640
29780
35526
35266
36230
11019
11033
11212
13226
13945
16482
28659
277487
17318
18444
20375
34084
41676
42154
225667
235313
241692
254248
253234
264968
280149
280672
285465
296138
307561
321271
32561
436893
138532
138397
269078
283603
24544
24156
26467
26475
26049
25708
26217
28367
23999
24984
40363
308307
290869
293375
296085
310620
311833
310913
315671
378115
334144
322057
316545
350736
317117
576769
266217
267711
291219
295961
300034
306384
342338
341787
342274
342911
347410
348490
358776
381305
367565
15757
16438
16335
18380
32118
36757
278378
288820
291138
297169
298456
320487
336502
346353
384344
365084
264215
278511
308396
308415
342522
300074
348715
257193
260531
280773
285105
287510
297501
301663
297480
307126
12680
23547
23609
23517
23491
24147
26527
25185
23509
30142
31401
33811
34283
245820
250181
251754
251187
269347
37062
38759
37076
37701
37688
240920
245771
259907
269843
269096
269043
