******************************
Iteration: 0
Training samples: 227
[45, 65, 46, 33, 62, 24, 50, 23, 12, 64, 21, 31, 14, 0, 37, 20, 42, 28, 17, 39, 11, 61, 48, 34, 52, 55, 63, 57, 9, 51, 40, 44, 22, 15, 35, 58, 47, 25, 18, 68, 32, 66, 49, 30, 43, 56, 54, 2, 41, 60, 4, 6, 67, 19, 26, 69, 7, 27, 10, 13]
Validation samples: 24
[3, 8, 53, 59, 16, 36]
Test samples: 16
[1, 38, 5, 29]
Ground truth: [1 1 1 1 1 1 1 1 0 0 0 1 1 1 1 1]
Test result: [1 1 1 1 1 1 1 1 0 0 0 1 1 1 1 1]
Test accurate: 1.0
******************************
Iteration: 1
Training samples: 221
[57, 46, 61, 45, 38, 33, 49, 51, 50, 59, 17, 26, 35, 39, 22, 32, 56, 8, 7, 44, 9, 28, 37, 6, 2, 66, 34, 42, 64, 19, 47, 27, 54, 0, 29, 31, 60, 36, 24, 12, 5, 58, 53, 40, 68, 21, 3, 14, 48, 52, 11, 67, 13, 4, 10, 18, 69, 41, 65, 30]
Validation samples: 25
[16, 20, 15, 43, 25, 63]
Test samples: 21
[62, 55, 1, 23]
Ground truth: [0 0 0 0 0 0 0 0 0 1 1 1 1 1 1 1 1 1 1 1 1]
Test result: [0 0 0 0 0 0 0 0 0 1 1 1 1 1 1 1 1 1 1 1 1]
Test accurate: 1.0
******************************
Iteration: 2
Training samples: 235
[23, 6, 62, 43, 51, 39, 41, 38, 0, 53, 27, 44, 1, 54, 65, 2, 59, 49, 58, 47, 61, 9, 45, 7, 40, 50, 30, 16, 8, 32, 42, 18, 52, 29, 5, 34, 10, 15, 57, 20, 35, 17, 21, 46, 33, 24, 64, 68, 22, 48, 67, 25, 12, 66, 60, 36, 14, 13, 4, 26]
Validation samples: 21
[56, 3, 11, 37, 28, 31]
Test samples: 11
[69, 19, 63, 55]
Ground truth: [0 1 0 0 0 0 0 0 0 0 0]
Test result: [0 1 0 0 0 0 0 0 0 0 0]
Test accurate: 1.0
******************************
Iteration: 3
Training samples: 219
[10, 65, 39, 43, 42, 1, 20, 33, 60, 63, 13, 18, 41, 69, 59, 26, 38, 49, 35, 21, 50, 9, 3, 58, 52, 53, 28, 12, 4, 27, 2, 24, 67, 31, 22, 25, 11, 32, 45, 54, 29, 8, 48, 55, 40, 0, 44, 23, 36, 57, 37, 34, 64, 7, 68, 15, 30, 5, 17, 6]
Validation samples: 25
[14, 19, 56, 16, 47, 62]
Test samples: 23
[51, 66, 61, 46]
Ground truth: [0 0 0 0 0 0 0 0 0 0 0 0 0 0 0 0 0 0 0 0 0 0 0]
Test result: [0 0 0 0 0 0 0 0 0 0 0 0 0 0 0 0 0 0 0 0 0 0 0]
Test accurate: 1.0
******************************
Iteration: 4
Training samples: 230
[56, 29, 1, 12, 44, 48, 15, 25, 8, 13, 31, 34, 5, 27, 36, 60, 6, 61, 52, 58, 63, 21, 32, 59, 23, 41, 22, 9, 2, 47, 46, 35, 62, 0, 30, 69, 49, 18, 3, 7, 64, 57, 39, 4, 37, 66, 17, 67, 10, 50, 20, 28, 42, 54, 51, 16, 43, 45, 33, 40]
Validation samples: 20
[19, 38, 68, 65, 26, 53]
Test samples: 17
[24, 55, 14, 11]
Ground truth: [1 1 1 0 0 0 0 1 1 1 1 1 1 1 1 1 1]
Test result: [0 0 0 0 0 0 0 1 1 1 1 1 1 1 1 1 1]
Test accurate: 0.823529422283
******************************
Iteration: 5
Training samples: 229
[33, 7, 65, 2, 63, 55, 52, 47, 60, 29, 39, 11, 1, 30, 43, 59, 50, 24, 58, 56, 40, 5, 23, 67, 26, 64, 22, 48, 66, 37, 44, 54, 41, 15, 49, 4, 12, 51, 8, 9, 46, 35, 10, 13, 16, 19, 28, 42, 17, 57, 6, 36, 61, 25, 31, 69, 21, 62, 34, 20]
Validation samples: 19
[53, 27, 32, 18, 14, 3]
Test samples: 19
[0, 45, 38, 68]
Ground truth: [1 1 1 1 0 0 0 0 0 0 0 0 0 0 0 0 0 0 0]
Test result: [1 1 1 1 0 0 0 0 0 0 0 0 0 0 0 0 0 0 0]
Test accurate: 1.0
******************************
Iteration: 6
Training samples: 224
[46, 43, 11, 40, 5, 15, 27, 4, 51, 33, 60, 57, 66, 37, 32, 42, 44, 38, 25, 34, 26, 39, 49, 1, 68, 23, 54, 45, 35, 24, 61, 56, 63, 8, 36, 69, 10, 9, 7, 6, 58, 22, 64, 67, 14, 21, 2, 3, 41, 0, 12, 59, 19, 31, 18, 52, 30, 29, 50, 62]
Validation samples: 22
[28, 13, 53, 55, 65, 17]
Test samples: 21
[47, 16, 20, 48]
Ground truth: [0 0 0 0 0 0 0 1 1 1 1 1 1 1 0 0 0 0 0 0 0]
Test result: [0 0 0 0 0 0 0 1 1 1 1 1 1 1 0 0 0 0 0 0 0]
Test accurate: 1.0
******************************
Iteration: 7
Training samples: 226
[32, 27, 59, 13, 0, 65, 41, 44, 33, 63, 50, 8, 14, 9, 55, 58, 69, 61, 23, 67, 62, 6, 56, 40, 26, 52, 51, 1, 46, 4, 39, 19, 18, 20, 36, 54, 53, 22, 66, 11, 49, 28, 10, 43, 16, 15, 5, 47, 45, 29, 34, 57, 60, 42, 48, 3, 68, 37, 31, 21]
Validation samples: 25
[2, 17, 35, 24, 7, 38]
Test samples: 16
[64, 30, 25, 12]
Ground truth: [0 0 0 0 1 1 1 1 1 1 1 1 1 1 1 1]
Test result: [0 0 0 0 1 1 1 1 1 0 1 1 1 1 1 1]
Test accurate: 0.9375
******************************
Iteration: 8
Training samples: 221
[37, 33, 26, 22, 60, 21, 23, 35, 56, 63, 13, 43, 62, 38, 31, 52, 55, 36, 25, 9, 65, 27, 15, 45, 40, 69, 67, 5, 51, 32, 7, 17, 39, 4, 18, 57, 30, 41, 61, 11, 19, 47, 68, 16, 34, 14, 1, 10, 66, 54, 42, 29, 58, 48, 3, 20, 12, 28, 24, 49]
Validation samples: 25
[2, 0, 6, 53, 64, 44]
Test samples: 21
[8, 46, 50, 59]
Ground truth: [1 1 1 0 0 0 0 0 0 0 0 0 0 0 0 0 0 0 0 0 0]
Test result: [1 1 1 0 0 0 0 0 0 0 0 0 0 0 0 0 0 0 0 0 0]
Test accurate: 1.0
******************************
Iteration: 9
Training samples: 234
[0, 32, 57, 64, 33, 19, 1, 4, 55, 9, 58, 41, 61, 26, 48, 21, 5, 69, 6, 20, 49, 23, 38, 25, 63, 3, 62, 60, 16, 8, 39, 50, 67, 36, 28, 10, 29, 34, 27, 22, 17, 52, 7, 66, 14, 46, 47, 2, 31, 51, 13, 45, 37, 59, 12, 40, 30, 65, 43, 42]
Validation samples: 21
[56, 68, 35, 11, 18, 54]
Test samples: 12
[15, 44, 24, 53]
Ground truth: [1 1 1 1 0 1 1 1 0 0 0 0]
Test result: [1 1 1 1 0 0 0 0 0 0 0 0]
Test accurate: 0.75
******************************
Iteration: 10
Training samples: 237
[30, 12, 24, 28, 55, 46, 68, 14, 13, 21, 7, 48, 17, 59, 39, 16, 33, 19, 32, 29, 27, 5, 0, 53, 52, 47, 3, 66, 40, 57, 67, 18, 63, 65, 1, 11, 2, 9, 61, 4, 26, 64, 50, 31, 20, 43, 37, 51, 15, 62, 45, 42, 38, 56, 22, 25, 6, 58, 49, 10]
Validation samples: 16
[8, 41, 69, 34, 54, 44]
Test samples: 14
[60, 36, 23, 35]
Ground truth: [0 0 0 0 0 0 0 1 1 1 1 0 0 0]
Test result: [0 0 0 0 0 0 0 1 1 1 1 0 0 0]
Test accurate: 1.0
******************************
Iteration: 11
Training samples: 238
[46, 51, 53, 41, 4, 48, 47, 32, 3, 68, 61, 49, 66, 8, 36, 2, 40, 69, 14, 0, 24, 45, 35, 56, 58, 39, 13, 23, 28, 63, 22, 43, 57, 67, 44, 59, 7, 11, 12, 21, 25, 64, 10, 38, 17, 19, 15, 9, 50, 54, 6, 16, 27, 37, 5, 20, 30, 65, 62, 60]
Validation samples: 21
[29, 33, 42, 26, 52, 1]
Test samples: 8
[31, 18, 55, 34]
Ground truth: [1 1 0 0 0 0 0 0]
Test result: [1 1 0 0 0 0 0 0]
Test accurate: 1.0
******************************
Iteration: 12
Training samples: 219
[67, 66, 0, 4, 55, 30, 57, 3, 43, 42, 21, 53, 38, 10, 18, 7, 62, 54, 46, 69, 33, 24, 23, 19, 44, 61, 49, 25, 5, 47, 60, 39, 31, 51, 8, 48, 22, 64, 40, 17, 35, 56, 6, 12, 65, 14, 58, 20, 26, 50, 68, 27, 59, 32, 13, 36, 15, 37, 16, 63]
Validation samples: 24
[9, 28, 29, 11, 52, 45]
Test samples: 24
[34, 41, 2, 1]
Ground truth: [0 0 0 0 0 0 0 1 1 1 1 1 1 1 1 1 1 1 1 1 1 1 1 1]
Test result: [0 0 0 0 0 0 0 1 1 1 1 1 1 1 1 1 1 1 1 1 1 1 1 1]
Test accurate: 1.0
******************************
Iteration: 13
Training samples: 225
[24, 8, 5, 34, 69, 25, 26, 16, 44, 27, 0, 47, 31, 12, 11, 30, 68, 55, 62, 59, 46, 4, 50, 32, 6, 18, 58, 33, 9, 64, 10, 28, 49, 35, 1, 36, 29, 51, 67, 66, 39, 60, 17, 15, 54, 63, 42, 41, 37, 53, 3, 40, 56, 14, 7, 61, 48, 2, 19, 52]
Validation samples: 31
[21, 45, 65, 43, 22, 13]
Test samples: 11
[23, 20, 57, 38]
Ground truth: [1 1 1 1 1 1 1 0 0 0 0]
Test result: [1 1 1 1 1 1 1 0 0 0 0]
Test accurate: 1.0
******************************
Iteration: 14
Training samples: 232
[12, 28, 14, 44, 65, 17, 3, 40, 5, 61, 2, 50, 23, 7, 49, 54, 0, 39, 52, 43, 55, 62, 26, 42, 27, 66, 57, 11, 10, 13, 60, 1, 69, 24, 21, 31, 9, 8, 25, 41, 48, 68, 4, 19, 56, 20, 51, 58, 59, 22, 47, 6, 29, 63, 67, 15, 33, 45, 18, 53]
Validation samples: 24
[46, 64, 32, 35, 30, 37]
Test samples: 11
[38, 34, 16, 36]
Ground truth: [0 0 0 0 0 1 1 1 1 0 0]
Test result: [0 0 0 0 0 1 1 1 1 0 0]
Test accurate: 1.0
******************************
Iteration: 15
Training samples: 223
[3, 2, 42, 45, 19, 48, 32, 65, 61, 12, 15, 13, 51, 31, 29, 22, 56, 60, 55, 16, 33, 24, 21, 8, 5, 6, 68, 52, 35, 59, 14, 47, 20, 36, 62, 10, 37, 64, 46, 0, 57, 54, 9, 34, 39, 58, 23, 27, 40, 25, 69, 30, 7, 26, 38, 18, 4, 66, 28, 11]
Validation samples: 26
[53, 17, 49, 43, 67, 63]
Test samples: 18
[44, 1, 50, 41]
Ground truth: [0 1 1 1 1 1 1 1 1 0 0 0 0 0 0 0 0 0]
Test result: [0 1 1 1 1 1 1 1 1 0 0 0 0 0 0 0 0 0]
Test accurate: 1.0
******************************
Iteration: 16
Training samples: 221
[19, 43, 9, 44, 36, 17, 56, 14, 61, 47, 30, 21, 69, 64, 3, 35, 24, 67, 1, 37, 40, 57, 10, 0, 62, 42, 7, 15, 28, 6, 51, 25, 52, 54, 34, 4, 31, 12, 29, 68, 33, 46, 13, 55, 65, 16, 53, 38, 32, 18, 45, 22, 26, 8, 39, 49, 23, 59, 11, 20]
Validation samples: 29
[48, 66, 50, 58, 63, 41]
Test samples: 17
[2, 5, 27, 60]
Ground truth: [1 1 1 1 1 1 1 1 1 1 1 1 0 0 0 0 0]
Test result: [1 1 1 1 1 1 1 1 1 1 1 1 0 0 0 0 0]
Test accurate: 1.0
******************************
Iteration: 17
Training samples: 240
[62, 6, 21, 51, 26, 35, 63, 33, 1, 11, 25, 45, 50, 29, 54, 32, 19, 10, 22, 24, 41, 0, 61, 55, 56, 53, 58, 4, 12, 36, 7, 5, 68, 66, 31, 60, 15, 30, 52, 38, 43, 23, 18, 40, 42, 3, 13, 46, 39, 59, 64, 47, 44, 69, 17, 48, 8, 16, 20, 2]
Validation samples: 14
[57, 49, 65, 34, 28, 27]
Test samples: 13
[67, 37, 9, 14]
Ground truth: [0 0 0 0 0 0 0 0 1 1 1 1 1]
Test result: [0 0 0 0 0 0 0 0 1 1 1 1 1]
Test accurate: 1.0
******************************
Iteration: 18
Training samples: 229
[59, 17, 63, 13, 51, 28, 45, 33, 39, 0, 1, 68, 10, 20, 23, 56, 12, 9, 3, 7, 60, 49, 42, 35, 31, 48, 37, 4, 36, 46, 22, 64, 5, 66, 43, 50, 27, 53, 47, 65, 25, 41, 32, 6, 26, 40, 14, 67, 55, 38, 18, 15, 44, 52, 30, 16, 61, 11, 19, 69]
Validation samples: 26
[54, 57, 21, 24, 2, 62]
Test samples: 12
[58, 8, 29, 34]
Ground truth: [0 0 0 1 1 1 1 1 1 1 0 0]
Test result: [0 0 0 1 1 1 1 1 1 1 0 0]
Test accurate: 1.0
******************************
Iteration: 19
Training samples: 221
[46, 33, 9, 5, 26, 3, 30, 2, 8, 17, 14, 63, 67, 59, 28, 16, 49, 4, 62, 43, 11, 25, 61, 12, 13, 32, 15, 56, 37, 7, 24, 35, 36, 53, 19, 54, 68, 47, 27, 45, 42, 34, 29, 0, 38, 58, 65, 40, 22, 31, 57, 39, 6, 64, 44, 55, 18, 10, 52, 23]
Validation samples: 31
[66, 48, 21, 51, 20, 1]
Test samples: 15
[41, 60, 69, 50]
Ground truth: [0 0 0 0 0 0 0 0 0 0 0 0 0 0 0]
Test result: [0 0 0 0 0 0 0 0 0 0 0 0 0 0 0]
Test accurate: 1.0
******************************
Iteration: 20
Training samples: 210
[68, 22, 15, 11, 47, 43, 14, 42, 64, 12, 4, 35, 48, 10, 37, 69, 7, 49, 57, 56, 36, 38, 33, 40, 13, 67, 9, 20, 0, 8, 19, 39, 63, 59, 6, 50, 53, 16, 62, 65, 31, 29, 51, 21, 27, 17, 54, 61, 58, 41, 5, 55, 28, 26, 32, 23, 44, 30, 18, 3]
Validation samples: 35
[46, 24, 34, 2, 45, 52]
Test samples: 22
[60, 25, 66, 1]
Ground truth: [0 0 0 0 0 1 1 1 1 0 0 0 0 0 1 1 1 1 1 1 1 1]
Test result: [0 0 0 0 0 1 1 0 1 0 0 0 0 0 1 1 1 1 1 1 1 1]
Test accurate: 0.95454543829
******************************
Iteration: 21
Training samples: 223
[41, 45, 65, 4, 53, 49, 43, 9, 59, 17, 48, 61, 64, 18, 69, 44, 57, 51, 8, 66, 3, 26, 15, 28, 11, 20, 14, 19, 32, 30, 10, 60, 21, 5, 38, 34, 23, 12, 35, 6, 22, 39, 33, 13, 27, 7, 29, 25, 42, 40, 0, 54, 68, 56, 47, 24, 31, 1, 46, 58]
Validation samples: 27
[52, 37, 63, 62, 2, 36]
Test samples: 17
[55, 50, 16, 67]
Ground truth: [0 0 0 0 0 0 0 0 1 1 1 1 0 0 0 0 0]
Test result: [0 0 0 0 0 0 0 0 1 1 1 1 0 0 0 0 0]
Test accurate: 1.0
******************************
Iteration: 22
Training samples: 239
[8, 32, 3, 33, 2, 22, 28, 65, 31, 57, 43, 11, 21, 61, 7, 47, 37, 45, 69, 54, 18, 63, 66, 39, 17, 49, 35, 59, 23, 42, 19, 30, 51, 64, 6, 38, 56, 27, 29, 15, 68, 62, 12, 60, 25, 50, 0, 5, 20, 53, 1, 13, 41, 52, 26, 40, 67, 48, 24, 46]
Validation samples: 14
[44, 10, 9, 16, 58, 55]
Test samples: 14
[14, 4, 36, 34]
Ground truth: [1 1 1 1 1 1 1 1 1 1 0 0 0 0]
Test result: [1 1 1 1 1 1 1 1 1 1 0 0 0 0]
Test accurate: 1.0
******************************
Iteration: 23
Training samples: 229
[14, 54, 7, 62, 37, 56, 67, 4, 11, 2, 32, 42, 15, 24, 27, 25, 50, 18, 40, 22, 6, 47, 45, 38, 52, 12, 57, 33, 21, 20, 9, 61, 69, 19, 65, 58, 26, 5, 17, 28, 48, 3, 29, 59, 13, 49, 43, 30, 35, 51, 46, 23, 66, 10, 8, 53, 41, 0, 63, 31]
Validation samples: 16
[44, 68, 16, 36, 64, 34]
Test samples: 22
[60, 1, 55, 39]
Ground truth: [0 0 0 0 0 1 1 1 1 1 1 1 1 0 0 0 0 0 0 0 0 0]
Test result: [0 0 0 0 0 1 1 1 1 1 1 1 1 0 0 0 0 0 0 0 0 0]
Test accurate: 1.0
******************************
Iteration: 24
Training samples: 223
[33, 52, 56, 69, 24, 8, 29, 19, 46, 57, 31, 7, 62, 39, 63, 68, 51, 18, 25, 13, 53, 47, 67, 17, 32, 0, 58, 55, 49, 11, 16, 42, 35, 9, 59, 1, 4, 5, 44, 43, 48, 23, 27, 21, 10, 40, 38, 20, 22, 64, 3, 37, 2, 61, 14, 34, 28, 60, 15, 41]
Validation samples: 30
[66, 26, 65, 36, 12, 45]
Test samples: 14
[30, 50, 54, 6]
Ground truth: [1 1 1 0 0 0 0 0 0 0 0 1 1 1]
Test result: [1 1 1 0 1 1 1 0 0 0 0 1 1 1]
Test accurate: 0.785714268684
******************************
Iteration: 25
Training samples: 241
[39, 56, 0, 22, 67, 66, 43, 11, 25, 69, 58, 17, 48, 47, 3, 2, 29, 18, 26, 57, 62, 53, 61, 44, 64, 65, 54, 15, 23, 63, 38, 24, 27, 6, 12, 34, 59, 49, 42, 1, 13, 51, 52, 45, 55, 5, 31, 21, 35, 8, 4, 20, 36, 33, 16, 68, 14, 40, 46, 37]
Validation samples: 15
[10, 50, 60, 28, 19, 30]
Test samples: 11
[9, 32, 41, 7]
Ground truth: [1 1 1 0 0 0 0 0 1 1 1]
Test result: [1 1 1 0 0 0 0 0 1 1 1]
Test accurate: 1.0
******************************
Iteration: 26
Training samples: 228
[28, 38, 46, 56, 47, 37, 16, 17, 2, 25, 52, 31, 55, 22, 19, 11, 42, 59, 63, 21, 66, 30, 3, 45, 20, 4, 7, 15, 5, 32, 51, 69, 65, 64, 27, 41, 44, 23, 39, 13, 9, 50, 18, 61, 33, 62, 0, 34, 68, 57, 24, 49, 48, 6, 60, 35, 58, 40, 67, 12]
Validation samples: 25
[43, 10, 8, 1, 29, 14]
Test samples: 14
[36, 53, 26, 54]
Ground truth: [0 0 0 0 0 0 1 1 1 1 0 0 0 0]
Test result: [0 0 0 0 0 0 1 1 1 1 0 0 0 0]
Test accurate: 1.0
******************************
Iteration: 27
Training samples: 225
[16, 6, 8, 9, 61, 2, 24, 60, 38, 59, 4, 28, 5, 20, 29, 54, 25, 65, 27, 21, 56, 0, 39, 32, 37, 42, 35, 17, 52, 45, 57, 3, 33, 23, 7, 36, 26, 44, 41, 11, 62, 51, 22, 69, 58, 46, 15, 49, 19, 30, 50, 64, 18, 1, 34, 14, 43, 67, 13, 12]
Validation samples: 23
[66, 31, 55, 63, 40, 68]
Test samples: 19
[53, 47, 48, 10]
Ground truth: [0 0 0 0 0 0 0 0 0 0 0 0 0 0 0 0 0 0 1]
Test result: [0 0 0 0 0 0 0 0 0 0 0 0 0 0 0 0 0 0 1]
Test accurate: 1.0
******************************
Iteration: 28
Training samples: 231
[18, 28, 22, 44, 29, 2, 52, 53, 57, 33, 69, 12, 38, 23, 6, 46, 67, 42, 9, 47, 15, 3, 59, 66, 35, 21, 56, 45, 10, 8, 14, 0, 34, 30, 61, 24, 11, 58, 60, 7, 20, 55, 68, 16, 40, 36, 65, 51, 39, 41, 37, 64, 26, 43, 62, 50, 4, 31, 13, 63]
Validation samples: 19
[32, 48, 27, 19, 17, 49]
Test samples: 17
[5, 54, 1, 25]
Ground truth: [1 0 0 0 0 1 1 1 1 1 1 1 1 1 1 1 1]
Test result: [1 0 0 0 0 1 1 1 1 1 1 1 1 1 1 0 1]
Test accurate: 0.941176474094
******************************
Iteration: 29
Training samples: 226
[10, 35, 2, 66, 25, 0, 67, 48, 32, 37, 33, 19, 41, 69, 52, 17, 21, 3, 51, 43, 42, 5, 4, 30, 26, 14, 38, 39, 34, 20, 61, 65, 64, 11, 27, 60, 54, 50, 13, 57, 7, 23, 55, 40, 9, 68, 22, 58, 46, 8, 1, 56, 29, 12, 28, 53, 62, 36, 18, 16]
Validation samples: 23
[49, 24, 6, 63, 59, 15]
Test samples: 18
[31, 45, 47, 44]
Ground truth: [1 0 0 0 0 0 0 0 0 0 0 0 0 0 0 0 0 0]
Test result: [1 0 0 0 0 0 0 0 0 0 0 0 0 0 0 0 0 0]
Test accurate: 1.0
******************************
Iteration: 30
Training samples: 225
[19, 13, 29, 8, 63, 69, 0, 11, 15, 26, 6, 68, 49, 7, 10, 21, 36, 2, 41, 59, 22, 55, 64, 46, 40, 67, 37, 57, 45, 53, 52, 24, 27, 14, 61, 3, 9, 5, 28, 56, 60, 35, 44, 20, 30, 65, 42, 34, 23, 39, 16, 38, 17, 18, 62, 31, 47, 1, 50, 25]
Validation samples: 25
[32, 58, 66, 4, 43, 54]
Test samples: 17
[48, 33, 12, 51]
Ground truth: [0 0 0 0 0 0 0 1 1 1 1 1 1 0 0 0 0]
Test result: [0 0 0 0 0 0 0 1 1 1 1 1 1 0 0 0 0]
Test accurate: 1.0
******************************
Iteration: 31
Training samples: 236
[32, 9, 13, 20, 5, 60, 21, 7, 50, 35, 57, 22, 49, 47, 15, 44, 53, 11, 17, 46, 30, 19, 48, 0, 59, 68, 64, 66, 51, 14, 38, 31, 67, 28, 37, 23, 41, 4, 1, 63, 8, 33, 65, 12, 45, 25, 2, 62, 52, 29, 54, 61, 36, 56, 27, 10, 34, 16, 3, 55]
Validation samples: 18
[6, 42, 43, 69, 24, 39]
Test samples: 13
[18, 58, 26, 40]
Ground truth: [1 0 0 0 1 1 1 1 0 0 0 0 0]
Test result: [1 0 0 0 1 1 1 1 0 0 0 0 0]
Test accurate: 1.0
******************************
Iteration: 32
Training samples: 218
[15, 54, 49, 56, 43, 3, 34, 21, 67, 23, 59, 14, 37, 13, 52, 24, 25, 17, 44, 53, 40, 62, 9, 27, 28, 20, 16, 36, 50, 11, 31, 61, 0, 42, 68, 38, 19, 55, 18, 35, 39, 48, 5, 57, 26, 65, 64, 2, 45, 63, 10, 8, 47, 69, 58, 41, 32, 29, 51, 30]
Validation samples: 37
[22, 66, 1, 4, 46, 60]
Test samples: 12
[33, 7, 12, 6]
Ground truth: [1 1 1 1 1 1 1 1 1 1 1 1]
Test result: [1 1 1 1 1 1 1 0 1 1 1 1]
Test accurate: 0.916666686535
******************************
Iteration: 33
Training samples: 228
[11, 13, 55, 16, 69, 38, 67, 64, 36, 20, 12, 28, 21, 19, 35, 26, 30, 56, 31, 1, 4, 53, 57, 54, 37, 23, 58, 9, 34, 45, 50, 24, 7, 59, 39, 0, 40, 27, 48, 33, 41, 60, 49, 46, 62, 29, 61, 47, 10, 18, 63, 51, 15, 6, 44, 5, 2, 42, 25, 65]
Validation samples: 22
[66, 32, 43, 17, 52, 8]
Test samples: 17
[3, 22, 68, 14]
Ground truth: [1 1 1 1 1 1 1 1 1 1 0 0 0 1 1 1 1]
Test result: [0 1 1 0 0 0 1 1 1 1 0 0 0 1 1 1 1]
Test accurate: 0.764705896378
******************************
Iteration: 34
Training samples: 228
[25, 32, 14, 37, 41, 34, 43, 7, 3, 20, 26, 0, 27, 4, 65, 54, 62, 12, 50, 31, 5, 68, 9, 29, 10, 53, 17, 69, 58, 48, 8, 30, 33, 55, 56, 63, 35, 51, 2, 46, 16, 64, 21, 18, 23, 49, 52, 40, 1, 11, 36, 13, 15, 39, 38, 60, 47, 24, 19, 57]
Validation samples: 19
[22, 42, 59, 6, 28, 66]
Test samples: 20
[44, 61, 67, 45]
Ground truth: [0 0 0 0 0 0 0 0 0 0 0 0 0 0 0 0 0 0 0 0]
Test result: [0 0 0 0 0 0 0 0 0 0 0 0 0 0 0 0 0 0 0 0]
Test accurate: 1.0
******************************
Iteration: 35
Training samples: 226
[49, 45, 65, 29, 60, 24, 11, 2, 68, 18, 56, 42, 44, 28, 33, 9, 51, 48, 12, 7, 10, 39, 55, 62, 54, 40, 63, 59, 30, 52, 19, 14, 38, 0, 35, 50, 26, 58, 57, 23, 37, 43, 15, 1, 61, 46, 16, 36, 5, 31, 47, 69, 17, 8, 34, 64, 20, 67, 4, 32]
Validation samples: 26
[22, 53, 13, 25, 41, 66]
Test samples: 15
[3, 27, 6, 21]
Ground truth: [1 1 1 1 1 1 1 1 1 1 1 1 1 1 1]
Test result: [1 1 1 1 0 1 1 1 1 1 1 1 1 1 1]
Test accurate: 0.933333337307
******************************
Iteration: 36
Training samples: 228
[49, 45, 59, 35, 68, 62, 61, 23, 11, 33, 36, 38, 15, 54, 18, 14, 44, 66, 58, 34, 57, 19, 29, 7, 37, 5, 64, 2, 3, 25, 17, 56, 55, 60, 31, 65, 47, 46, 67, 4, 1, 39, 32, 28, 0, 42, 21, 24, 9, 12, 41, 27, 53, 63, 20, 43, 50, 6, 69, 30]
Validation samples: 22
[13, 22, 16, 51, 10, 40]
Test samples: 17
[26, 52, 48, 8]
Ground truth: [1 1 1 1 0 0 0 0 0 0 0 0 0 0 1 1 1]
Test result: [1 1 1 1 0 0 0 0 0 0 0 0 0 0 1 1 1]
Test accurate: 1.0
******************************
Iteration: 37
Training samples: 225
[13, 63, 40, 61, 1, 17, 60, 25, 37, 20, 54, 21, 67, 48, 10, 57, 22, 14, 9, 36, 3, 42, 52, 62, 51, 24, 38, 41, 65, 55, 26, 69, 6, 15, 16, 12, 18, 49, 35, 53, 44, 64, 56, 58, 45, 33, 11, 23, 29, 8, 2, 34, 19, 27, 68, 46, 0, 31, 32, 7]
Validation samples: 29
[66, 47, 39, 4, 5, 59]
Test samples: 13
[43, 50, 30, 28]
Ground truth: [0 0 0 0 0 0 0 0 0 1 1 1 1]
Test result: [0 0 0 0 0 0 0 0 0 1 1 1 1]
Test accurate: 1.0
******************************
Iteration: 38
Training samples: 231
[12, 54, 42, 28, 58, 56, 27, 7, 1, 60, 23, 39, 25, 26, 31, 20, 16, 59, 52, 46, 2, 51, 21, 6, 3, 19, 17, 44, 65, 13, 10, 11, 48, 63, 62, 4, 55, 9, 35, 0, 14, 45, 69, 61, 66, 40, 32, 8, 67, 18, 41, 33, 38, 36, 50, 29, 53, 24, 49, 57]
Validation samples: 25
[15, 47, 43, 64, 30, 34]
Test samples: 11
[68, 37, 5, 22]
Ground truth: [0 0 0 0 0 0 1 1 1 1 1]
Test result: [0 0 0 0 0 0 1 1 1 1 1]
Test accurate: 1.0
******************************
Iteration: 39
Training samples: 242
[7, 40, 35, 43, 21, 1, 0, 65, 56, 11, 55, 8, 28, 63, 23, 58, 10, 25, 62, 53, 51, 48, 13, 27, 39, 18, 30, 24, 64, 32, 59, 20, 50, 54, 60, 46, 5, 22, 68, 14, 41, 37, 4, 2, 33, 17, 36, 19, 45, 66, 49, 57, 61, 12, 44, 15, 67, 16, 29, 47]
Validation samples: 16
[34, 69, 6, 38, 3, 9]
Test samples: 9
[52, 42, 31, 26]
Ground truth: [0 0 0 0 1 1 1 1 1]
Test result: [0 0 0 0 1 1 1 1 1]
Test accurate: 1.0



Final accurate results of LSTM is:0.970179288089
