 : ======================================================
fMRI Image ID is :
217884 
MP_RAGE Image ID is :
217885 
MP_RAGE_Process Image ID is :
223475 
MP_RAGE_S2 Image ID is :
217887 
MP_RAGE_S2_Process Image ID is :
223476 
EMCI : ======================================================
fMRI Image ID is :
213885 191820 223330 258448 278818 
283879 311921 307555 246032 248233 
255318 319132 343905 261316 286425 
264416 320432 337377 332584 252603 
255135 243008 247852 290305 311906 
319541 260905 300529 183884 215435 
217608 240043 226190 249144 281149 
339436 401558 264531 283305 289331 
306672 316519 235258 298266 300841 
361367 317397 336187 266223 272899 
256753 297616 279103 278493 279181 
282297 323163 293995 341976 
MP_RAGE Image ID is :
213880 191821 223325 258443 278815 
283874 311922 307551 246031 248234 
255322 319138 343906 261321 286423 
264420 316960 337383 330023 252599 
255134 243442 247861 290304 311912 
319536 260913 300530 183878 215438 
217610 240050 226187 249147 281143 
339439 401556 264536 283302 289333 
306676 316522 235263 298265 300845 
361362 317401 336183 266231 272900 
256750 297622 279102 278496 279186 
282292 323159 294000 341977 
MP_RAGE_Process Image ID is :
222695 222697 225358 260237 280562 
285129 312847 312648 248646 250623 
258662 321316 351339 265221 286672 
265254 321306 338588 331857 258621 
255425 248622 248681 300508 312861 
321264 297292 300948 222937 222952 
222971 241392 228527 250647 281841 
340502 432191 272802 285149 291000 
308047 322469 236967 300298 305408 
362884 438118 340523 272808 280580 
260239 305437 280550 280552 280572 
283934 326532 295879 350463 
MP_RAGE_S2 Image ID is :
213881 191822 223329 258446 278812 
283881 311923 307549 246024 248238 
255323 319128 343904 261314 286424 
264413 320438 337375 330022 252607 
255138 243441 247855 290307 311913 
319538 260907 300527 183880 215437 
217611 240045 226186 249146 281145 
339431 401554 264529 283304 289335 
306678 316521 235264 298269 300844 
361363 317405 336188 266229 272901 
256752 297617 279107 278500 279177 
282294 323152 294001 341974 
MP_RAGE_S2_Process Image ID is :
222696 222698 225359 260238 280563 
285130 312848 312650 248647 250624 
258663 321317 351340 265222 286673 
265255 321307 338589 331858 258622 
255426 248623 248682 291022 312862 
321265 297293 300949 222946 222953 
222972 241393 228528 250648 281842 
340503 432192 272803 285150 291001 
308048 322470 236969 300299 305409 
362885 438125 340524 272809 280581 
260240 305439 280551 280553 280573 
283935 326533 295880 350464 
AD : ======================================================
fMRI Image ID is :
346237 248516 258600 287986 322000 
375331 360323 301395 306073 360317 
382187 258955 280778 300334 343912 
345555 228872 357475 376933 368413 
291229 295969 300043 306375 342326 
341793 342278 342915 347402 348491 
358777 381307 367567 342514 
MP_RAGE Image ID is :
346242 248517 258594 287994 322012 
375336 360324 301389 306069 360314 
382181 258947 280783 300335 343916 
345563 228879 357474 376939 368412 
291219 295961 300034 306384 342338 
341787 342274 342911 347410 348490 
358776 381305 367565 342522 
MP_RAGE_Process Image ID is :
349888 250637 260245 295949 322531 
377155 362973 305601 306751 362983 
384090 297290 281432 300946 349820 
349866 229343 357854 377879 369381 
291894 296408 300302 308045 350510 
349785 350508 349560 414602 351548 
362848 414454 376955 349804 
MP_RAGE_S2 Image ID is :
346236 248518 258598 287990 322002 
375334 360331 301391 306067 360312 
382180 258946 280784 300337 343920 
345558 228875 357480 376929 368415 
291223 295960 300042 306383 342341 
341795 342284 342917 347408 348487 
358772 381316 367563 342517 
MP_RAGE_S2_Process Image ID is :
349889 250638 260246 388310 322532 
377156 362974 305602 306752 362984 
388408 297291 281433 300947 349821 
349867 229344 357855 377880 369382 
291895 296409 300303 308046 350511 
349786 350509 349561 414603 351549 
362849 414455 376956 349805 
Normal : ======================================================
fMRI Image ID is :
238623 240811 243902 223896 233437 
254581 257271 259654 259806 260580 
395980 249406 268914 279472 281887 
282008 283913 238542 312870 297689 
296769 296863 300088 308182 262078 
268925 266634 *272229* 273503 269279 
315850 229146 234917 255986 280365 
282646 290815 289559 289656 387091 
334140 322060 316542 350735 317121 
266208 267713 365086 264214 279084 
308403 308418 
MP_RAGE Image ID is :
238627 240812 243898 223901 233435 
254582 257270 259653 259796 260581 
395978 249403 268919 279470 281882 
282005 283915 238532 312872 297693 
296776 296859 300089 308178 262076 
268930 266625 272231 273504 269273 
315857 229148 234922 255978 280369 
282638 290814 289564 289653 387095 
334144 322057 316545 350736 317117 
266217 267711 365084 264215 278511 
308396 308415 
MP_RAGE_Process Image ID is :
241350 242895 300264 225356 234658 
255409 258686 261069 261067 261073 
398108 250657 270043 280570 283929 
283940 285157 241356 315362 300513 
297648 297655 300289 312668 263738 
270069 267767 272814 274508 272652 
321304 232862 235655 258660 281434 
283922 291936 290965 290957 387889 
339147 351544 322943 351440 321310 
267761 270018 370255 265203 280564 
312682 312684 
MP_RAGE_S2 Image ID is :
238628 240808 243903 223895 233432 
254579 257274 259658 259798 260579 
395974 249408 268916 279473 281885 
282010 283910 238538 312873 297694 
296784 296864 300090 308179 262075 
268927 266626 272226 273497 269274 
315851 229142 234915 255985 280361 
282642 290819 289561 289659 387090 
334134 322059 316547 350743 317119 
266209 267706 365080 264213 278515 
308400 308417 
MP_RAGE_S2_Process Image ID is :
241351 242896 300265 225357 234659 
255410 258687 261070 261068 261074 
398109 250658 270044 280571 283928 
283941 285158 241357 315363 300514 
297651 297656 300290 312669 263739 
270070 267768 272815 274509 272653 
321305 232863 235656 258661 281435 
283923 291937 290966 290958 387894 
339148 351545 322944 351441 321311 
267762 270019 370262 265204 280565 
312683 312685 
SMC : ======================================================
fMRI Image ID is :
372853 378490 380899 368159 363549 
372896 376798 381905 368206 374972 
384814 385115 373540 379089 375698 
385101 389318 401123 362410 362420 
364799 365276 387121 368288 374299 
381475 367728 
MP_RAGE Image ID is :
372851 378487 380901 368152 363544 
372891 376803 381899 368204 374978 
384810 385124 373541 379092 375693 
385108 389320 401126 362408 362425 
364804 365269 387122 368283 374298 
381457 367769 
MP_RAGE_Process Image ID is :
374467 379928 384094 369218 364667 
374561 377881 384096 369614 377079 
388409 388025 374565 379548 376832 
388027 391059 416077 362911 362900 
371986 371988 389161 432883 414452 
414456 376957 
MP_RAGE_S2 Image ID is :
372850 378485 380897 368157 363546 
372890 376797 381908 368205 374973 
384813 385122 373546 379087 375691 
385110 389319 401124 362413 362423 
364798 365272 387126 368291 374293 
381455 367736 
MP_RAGE_S2_Process Image ID is :
374468 379929 384095 369219 364668 
374562 377882 384097 369615 377080 
388410 388026 374566 379549 376833 
388028 391060 416078 362916 362901 
371987 371989 389162 432884 414453 
414457 376958 
LMCI : ======================================================
fMRI Image ID is :
251176 274147 227595 249536 256148 
257477 258528 285812 296366 306889 
266129 269256 283267 303733 339123 
247209 243880 220070 261166 278367 
300057 339635 323221 261984 286477 
229511 235238 255284 255309 290644 
304675 354654 341823 343366 259691 
267894 287650 293629 314327 337131 
332647 330141 281024 330233 342476 
375500 
MP_RAGE Image ID is :
251177 274154 227599 249535 256147 
257476 258529 285808 296365 306887 
266138 269254 283271 303729 339124 
247207 243881 220072 261159 278368 
300051 339623 323219 261983 286475 
229510 235235 255288 255316 290642 
304681 354657 341827 343372 259694 
267899 287648 293628 314330 337132 
332646 330140 281014 330231 342479 
375501 
MP_RAGE_Process Image ID is :
258637 281853 229307 250649 258694 
260229 260241 286639 297035 312646 
267757 270050 283956 306760 340498 
248671 296415 222747 263687 280662 
300287 352005 326529 297294 288881 
232860 235659 258680 258666 291927 
305613 357960 351546 349593 261071 
270027 400998 294875 322951 340500 
338652 334093 281843 334095 349353 
375873 
MP_RAGE_S2 Image ID is :
251173 274149 227596 249532 256144 
257482 258526 285806 296362 306885 
266132 269257 283269 303734 339126 
247204 243884 220073 261163 278370 
300058 339633 323225 261982 286466 
229509 235232 255289 255307 290634 
304674 354660 341824 343371 259688 
267896 287647 293626 314333 337128 
332644 330142 281016 330237 342485 
375502 
MP_RAGE_S2_Process Image ID is :
258638 281854 229308 250650 258695 
260230 260242 286640 297036 312647 
267758 270051 283957 306761 340499 
248672 296416 222748 263688 280663 
300288 352006 326531 297295 288882 
232861 235660 258681 258667 291928 
305614 357961 351547 349594 261072 
270028 400999 294876 322952 340501 
338653 334094 281844 334096 349354 
375874 
