******************************
Iteration: 0
Training samples: 229
[44, 11, 64, 49, 19, 7, 46, 69, 34, 9, 23, 2, 1, 36, 38, 5, 0, 32, 56, 53, 65, 59, 24, 37, 33, 4, 62, 31, 39, 61, 18, 40, 60, 41, 51, 35, 16, 30, 20, 28, 42, 27, 54, 15, 50, 17, 13, 12, 3, 63, 43, 6, 26, 29, 45, 25, 58, 57, 48, 66]
Validation samples: 22
[55, 22, 67, 68, 8, 52]
Test samples: 16
[47, 21, 10, 14]
Ground truth: [0 0 0 0 0 0 0 1 1 1 1 1 1 1 1 1]
Test result: [0 0 0 0 0 0 0 1 1 1 1 1 1 1 1 1]
Test accurate: 1.0
******************************
Iteration: 1
Training samples: 225
[21, 25, 45, 11, 65, 23, 29, 10, 20, 3, 31, 63, 64, 32, 6, 0, 28, 40, 61, 9, 69, 48, 59, 50, 35, 5, 52, 8, 60, 34, 15, 49, 33, 1, 46, 36, 22, 44, 24, 38, 41, 16, 58, 30, 56, 26, 57, 18, 42, 17, 39, 53, 37, 62, 47, 14, 68, 4, 12, 55]
Validation samples: 24
[2, 13, 7, 27, 19, 67]
Test samples: 18
[43, 66, 54, 51]
Ground truth: [0 0 0 0 0 0 0 0 0 0 0 0 0 0 0 0 0 0]
Test result: [0 0 0 0 0 0 0 0 0 0 0 0 0 0 0 0 0 0]
Test accurate: 1.0
******************************
Iteration: 2
Training samples: 224
[12, 48, 33, 7, 50, 2, 4, 46, 47, 30, 28, 66, 34, 65, 14, 69, 5, 58, 41, 29, 43, 31, 37, 64, 53, 3, 55, 18, 19, 38, 10, 21, 35, 36, 42, 22, 56, 1, 51, 59, 20, 68, 25, 0, 9, 62, 16, 26, 49, 44, 60, 40, 27, 39, 45, 24, 57, 13, 32, 52]
Validation samples: 25
[17, 23, 67, 63, 6, 54]
Test samples: 18
[8, 11, 61, 15]
Ground truth: [1 1 1 1 1 1 1 1 1 0 0 0 0 0 1 1 1 1]
Test result: [1 1 1 1 1 1 1 1 1 0 0 0 0 0 1 1 1 1]
Test accurate: 1.0
******************************
Iteration: 3
Training samples: 237
[9, 50, 15, 2, 46, 32, 52, 62, 4, 45, 23, 24, 41, 53, 11, 8, 22, 1, 5, 37, 67, 26, 20, 14, 33, 13, 47, 65, 44, 42, 30, 27, 43, 21, 17, 51, 68, 56, 31, 39, 66, 7, 54, 3, 60, 0, 49, 28, 64, 48, 61, 36, 69, 59, 29, 12, 18, 19, 40, 6]
Validation samples: 18
[35, 55, 38, 10, 63, 34]
Test samples: 12
[16, 58, 25, 57]
Ground truth: [1 1 1 1 0 0 0 1 1 1 1 0]
Test result: [1 1 1 1 0 0 0 1 1 0 1 0]
Test accurate: 0.916666686535
******************************
Iteration: 4
Training samples: 230
[38, 28, 63, 12, 7, 32, 68, 9, 40, 22, 58, 39, 17, 53, 54, 21, 55, 56, 64, 62, 19, 30, 8, 16, 69, 34, 36, 61, 60, 29, 4, 41, 48, 45, 13, 26, 35, 57, 46, 59, 2, 0, 27, 44, 3, 20, 24, 66, 23, 42, 14, 67, 11, 37, 50, 15, 18, 33, 47, 31]
Validation samples: 19
[65, 10, 51, 5, 6, 43]
Test samples: 18
[52, 1, 25, 49]
Ground truth: [0 0 0 1 1 1 1 1 1 1 1 1 1 1 1 0 0 0]
Test result: [0 0 0 1 1 1 1 1 1 1 1 1 1 0 1 0 0 0]
Test accurate: 0.944444417953
******************************
Iteration: 5
Training samples: 224
[29, 40, 49, 23, 48, 1, 60, 38, 20, 11, 19, 35, 41, 44, 69, 31, 17, 2, 68, 57, 18, 53, 4, 52, 9, 22, 64, 51, 67, 8, 0, 5, 61, 32, 47, 13, 33, 21, 25, 26, 34, 14, 6, 27, 36, 10, 42, 65, 37, 24, 39, 50, 45, 54, 59, 58, 66, 46, 28, 12]
Validation samples: 25
[7, 55, 56, 15, 63, 62]
Test samples: 18
[16, 3, 43, 30]
Ground truth: [1 1 1 1 1 1 1 1 1 1 0 0 0 0 0 1 1 1]
Test result: [1 1 1 1 1 1 1 1 1 1 0 0 0 0 0 1 1 1]
Test accurate: 1.0
******************************
Iteration: 6
Training samples: 234
[22, 43, 52, 20, 40, 66, 35, 16, 36, 10, 53, 26, 19, 55, 45, 65, 28, 38, 4, 17, 24, 30, 54, 63, 59, 58, 21, 25, 33, 7, 68, 60, 39, 67, 9, 34, 13, 3, 48, 56, 6, 61, 50, 2, 15, 14, 57, 0, 64, 18, 62, 41, 51, 1, 8, 42, 69, 47, 27, 11]
Validation samples: 18
[31, 49, 29, 12, 23, 5]
Test samples: 15
[46, 37, 44, 32]
Ground truth: [0 0 0 0 0 0 0 0 0 0 0 0 0 1 1]
Test result: [0 0 0 0 0 0 0 0 0 0 0 0 0 1 1]
Test accurate: 1.0
******************************
Iteration: 7
Training samples: 237
[4, 15, 63, 48, 64, 36, 67, 11, 12, 13, 51, 27, 6, 17, 41, 52, 43, 57, 10, 21, 68, 26, 23, 32, 0, 50, 42, 69, 29, 2, 5, 53, 54, 22, 60, 9, 61, 25, 59, 3, 18, 47, 8, 45, 31, 20, 46, 49, 14, 66, 39, 28, 35, 7, 16, 58, 65, 1, 24, 34]
Validation samples: 19
[62, 40, 44, 30, 19, 55]
Test samples: 11
[38, 33, 56, 37]
Ground truth: [0 0 0 1 0 0 0 0 0 0 0]
Test result: [0 0 0 1 0 0 0 0 0 0 0]
Test accurate: 1.0
