AD:
346237 358614 372812 398684 248516 
264986 264987 293808 293809 335307 
335306 390346 258600 258605 272407 
272411 302039 302042 340021 340024 
393209 287986 287992 310931 310925 
336551 336552 322000 322009 346359 
346367 362021 394330 375331 360323 
373417 390453 301395 321520 343571 
306073 327941 348646 360317 382187 
258955 272535 300352 341972 396527 
396530 280778 297106 322347 359770 
412884 300334 317435 343285 363190 
343912 358050 372599 400431 345555 
358811 372471 415205 228872 248870 
263860 297847 357475 372254 389296 
415178 376933 368413 291229 323796 
347092 295969 316009 342048 367094 
300043 322371 342223 369943 306375 
335235 352396 376259 342326 358899 
370085 341793 358857 369299 395989 
342278 353265 364935 392395 342915 
369264 347402 348491 360702 373027 
398911 358777 371972 385034 381307 
367567 379705 342514 


NC:
238623 303069 240811 304790 371994 
243902 322442 *322438* 223896 286519 
361612 233437 287493 361431 254581 
273218 290923 335999 391150 257271 
*257275* 274579 297353 340048 395105 
259654 274825 299159 346113 397604 
259806 260580 277135 301757 346801 
398533 395980 249406 249407 265125 
265132 289854 289846 336212 336216 
389367 268914 268917 286464 286461 
311258 311257 349326 349320 405706 
279472 279468 298510 298515 319632 
319634 362889 281887 281881 303081 
303083 326301 326298 361294 *282008* 
310441 337404 363620 283913 319211 
350450 373523 238542 238540 253525 
424849 *274420* 312870 336708 365243 
297689 313953 377213 368889 296769 
*296788* 314141 352724 375151 296863 
369618 340743 368950 300088 314505 
343935 368923 308182 262078 296612 
320519 268925 297183 321439 348187 
401398 266634 296891 315798 348166 
399633 *272229* 272223 301492 327813 
354839 403913 273503 296638 316619 
353130 409002 269279 288745 306127 
347150 401663 315850 338813 355339 
383452 229146 246871 261918 300743 
370595 234917 251325 270397 305150 
371750 255986 274090 292605 337977 
391167 280365 302555 321203 282646 
303248 325233 362235 414942 290815 
309727 337993 366388 289559 310188 
341918 366944 289656 387091 334140 
322060 350835 316542 348304 350735 
317121 353800 266208 289588 310240 
350046 398573 267713 285316 302615 
346744 399995 365086 264214 285011 
330165 401073 279084 336199 308403 
308418 


MCI:



EMCI:
213885 180734 199148 243875 316041 
381524 191820 207955 256635 223330 
192250 207666 257487 332881 393007 
258448 279226 301767 346233 395573 
278818 300245 323843 361436 414381 
283879 305240 326318 358424 417987 
311921 332859 354814 379008 307555 
307553 334236 334235 350115 350113 
381403 246032 265869 306576 372938 
248233 265533 290438 336704 385092 
255318 274437 301834 393850 319132 
376489 361973 388039 343905 361116 
372823 398098 261316 261319 225058 
242252 305412 286425 241661 257106 
339828 264416 281497 308391 347747 
320432 337377 352722 367848 332584 
347725 364273 390419 252603 199197 
224635 280337 352437 402257 255135 
202425 226625 243008 207341 222174 
274112 351336 399918 247852 207991 
223649 281032 353098 404042 290305 
321928 362541 311906 338289 353986 
378012 319541 346592 358601 386888 
260905 277297 301221 341866 398232 
300529 316049 343137 370437 183884 
215435 181505 193431 242177 310476 
379344 217608 184535 196434 247662 
316979 382683 240043 208974 223353 
275532 354598 226190 243115 259900 
297463 367820 249144 264701 284291 
329780 387206 281149 299318 324478 
357940 339436 354860 367326 394943 
401558 264531 228463 245122 305210 
374515 283305 247533 267918 319578 
382880 289331 307991 337186 306672 
333641 376324 316519 337220 354697 
383934 235258 298266 317378 344443 
377061 300841 316406 347906 375664 
361367 317397 336187 266223 232243 
247983 302589 372302 *272899* 240902 
257011 316276 385078 256753 297616 
259332 281083 341127 394175 279103 
297702 374201 358935 412933 278493 
305261 374165 374144 407059 279181 
301103 319553 358798 414279 282297 
303032 323821 361486 323163 *323157* 
349748 374318 392890 293995 *335381* 
341976 


LMCI:
251176 322050 385942 274147 352947 
404373 227595 292427 249536 267490 
287274 256148 273181 293284 338109 
257477 274134 296652 335317 394820 
258528 273556 298203 285812 306320 
330179 363568 296366 313307 341806 
367496 306889 333755 352349 375097 
266129 266131 283851 283853 306280 
306277 348071 348075 269256 269253 
286375 286378 311356 311357 351592 
404475 283267 283264 283272 283260 
303143 303137 334609 334605 363293 
303733 303731 323338 323324 348393 
348396 376286 339123 339129 354587 
371407 397506 247209 243880 260303 
280649 318774 381846 220070 287005 
363411 261166 278367 304270 324394 
363421 300057 325672 342309 367838 
339635 367161 323221 346564 361591 
385234 261984 277286 302671 343304 
415196 286477 305233 326518 362146 
229511 249328 265957 305277 368901 
235238 252282 270573 303434 360939 
255284 269694 286940 338318 388696 
255309 270542 291146 348195 391665 
290644 310766 417557 364453 304675 
328499 348153 373709 373711 354654 
400360 341823 343366 259691 259693 
280800 297561 342030 395958 267894 
287082 304596 348045 398599 287650 
308121 331236 362399 293629 313410 
341317 364929 314327 340210 355856 
495757 337131 352312 368186 394511 
332647 330141 398432 281024 330138 
330233 342476 375500 


SMCI:
372853 384734 400330 378490 391667 
407829 380899 368159 384312 363549 
379263 372896 391370 376798 381905 
368206 382589 374972 384814 385115 
373540 379089 405606 375698 391409 
385101 389318 401123 362410 362420 
364799 365276 387121 368288 387133 
374299 385739 381475 367728 
