390017
424237
316645
247837
294056
501663
359066
291415
366573
318404
416331
307556
384924
581194
406891
306345
377595
378114
323682
298551
346462
336242
313524
351093
260745
421730
388629
419537
266892
388752
360746
296902
313321
797153
301669
324211
368473
264960
399474
385647
302275
286557
271500
342459
346826
384469
259726
330061
361539
399592
300734
416967
388133
305163
313938
335126
363518
264011
278838
367183
543539
351674
316987
350819
324993
405617
285099
263843
337147
255716
402404
315952
341723
401929
218402
343834
308622
318603
416805
352795
500531
499409
371885
285064
399797
421134
293376
365503
287054
425256
301743
308451
640881
355925
377773
269082
494179
350377
342751
298457
375668
341570
352522
407305
663670
598195
368346
250187
376182
323052
422743
512373
286192
342675
323184
314641
202163
287232
314316
510484
259844
244901
360683
386443
297121
243620
400945
416698
280151
364463
413651
270495
369888
339854
464359
307120
763572
379415
503138
296083
298224
240933
260327
343553
639614
505760
409373
679927
382018
487067
365439
301952
415507
291510
278377
367419
256864
358133
351492
703793
420192
372651
379428
371198
269344
259911
342261
414478
297082
417430
460642
346988
341149
238756
321762
359746
321498
374777
487376
415473
281779
385317
410159
599497
338267
422613
460663
338213
306463
394596
245819
377592
393940
618304
414811
240915
363583
346263
291027
656656
394858
310629
392011
647825
323100
339287
272995
343686
404604
307165
305921
401711
306532
273579
287519
297164
285458
388718
382838
499405
391686
382142
375614
251183
503146
271871
313275
399366
280533
325988
424041
343006
364582
306153
302539
648424
241007
359043
322756
268045
261384
341688
378259
380193
321283
394449
401090
401740
389218
298569
390978
293955
487387
311748
419968
340145
370291
260776
384904
297500
323083
311941
390148
424529
414500
333830
247647
313458
281769
502205
348255
388345
420402
352736
346861
703757
301727
277468
311889
401205
696474
311864
513707
310599
673909
372374
239733
302635
344115
334676
360676
336494
461024
390290
365450
368676
667749
269326
508919
344003
274995
419215
290261
433557
387446
495298
355173
347039
385665
392027
388943
543526
362935
375899
351749
253237
497113
340284
364302
437712
298401
349475
272091
317907
289477
316944
276535
412215
464323
372415
311824
340301
714587
500684
257311
381559
364709
448586
290877
389104
348712
589774
277893
348772
346978
288821
371157
358592
254237
362288
307415
423574
240500
304865
283354
348573
384347
389495
363014
280673
269610
388391
355846
291860
341363
362100
575676
342906
368028
388209
314050
278527
256409
397484
338401
355060
290023
253490
397812
259131
308308
365611
415589
355801
313705
360991
326333
320490
340998
316064
302026
335021
252066
244967
327075
419793
346351
355519
339607
266593
315678
254142
414354
656647
259786
408207
300076
371481
267807
302773
323438
504351
297491
317105
361688
316744
352328
418944
373789
700096
330720
268160
241699
341101
305575
363478
225339
251749
262398
325707
311220
358100
276844
435044
269852
332931
750112
313381
395729
341855
324266
344520
232430
401693
265042
285684
388163
350263
316910
248546
344491
429580
435762
404828
336084
315458
336067
260792
358888
389436
655617
328607
414391
311612
355686
273462
316593
350955
671541
272385
250362
225657
245781
334213
369974
290340
316087
294339
348230
424317
265047
376804
622505
275325
352962
357605
280816
283007
339313
362210
394292
228847
643365
343972
314065
424279
473792
363794
369676
307589
412423
242123
296152
403710
270532
291130
249381
344612
310610
282582
355905
634524
291637
335364
261333
534893
344508
281458
257189
382863
387581
324272
283596
420790
360994
346577
300378
498652
308335
242911
314575
445548
313392
495900
339113
310914
287500
375291
336777
413784
308043
360630
357366
335459
352574
315733
235318
375556
358974
255565
386344
384209
320532
270465
549801
401190
369139
301571
322542
271083
315486
294450
439202
756267
361920
384972
376427
420034
